x, y, cell_label
6683.156767955801,8641.127071823204,14340
6693.936090225564,8682.31829573935,14431
6706.281368821293,8605.88783269962,14480
6734.629464285715,8655.33482142857,14658
6753.982670744139,8701.400611620795,14683
6773.943370165746,5917.671270718232,14770
6777.115357395613,8665.062278839348,14771
6784.766363636364,5817.211818181818,14839
6797.332947976879,5728.116763005781,14910
6807.229903536978,5851.29421221865,14961
6804.627766599598,8694.30985915493,14962
6818.328978622328,5649.59026128266,15008
6825.422,5613.396,15061
6839.468986384266,5564.021936459909,15083
6830.64039408867,8704.416256157636,15097
6840.409187279152,5748.550530035336,15115
6896.457455770851,8735.598146588038,15340
6916.160096540628,8809.750603378921,15463
6942.590759075908,8843.194719471947,15612
6943.75,8789.64224137931,15636
6956.032967032968,8852.637362637362,15689
6982.6760563380285,8904.989436619719,15814
6999.533617929563,8970.983991462113,15862
6996.8530805687205,8934.22037914692,15870
7013.758754863813,5481.819714656291,15894
7024.5224820143885,8878.133093525179,15953
7018.129963898917,8998.274368231047,15954
7047.2122587968215,8970.539160045402,16091
7054.184466019417,9011.896116504857,16115
7066.617760617761,9094.239382239382,16211
7076.351809954751,9052.190045248868,16221
7084.035982008995,5434.155922038981,16255
7085.645161290323,9021.279569892473,16314
7094.678861788618,5396.975609756098,16342
7100.196078431372,9096.857142857143,16363
7120.980141843972,9191.523404255318,16438
7131.080645161291,9136.141439205956,16493
7149.761232349166,5429.721437740694,16544
7142.536184210527,5363.434210526316,16550
7144.575757575758,8995.59090909091,16551
7139.120879120879,9215.010989010989,16562
7154.185863874345,9162.397905759162,16600
7156.816326530612,5334.906705539359,16622
7160.495192307692,9198.589743589744,16626
7159.631914893617,9242.04680851064,16627
7183.121212121212,5390.888888888889,16697
7182.355337078651,9262.442415730337,16698
7176.970967741935,5349.993548387097,16702
7190.783042394015,9210.546134663342,16754
7204.852583586626,9328.83434650456,16798
7207.378731343284,9291.485074626866,16813
7226.058432934927,9357.019920318726,16882
7226.270735524256,5340.046948356808,16894
7244.157978723404,9197.333510638298,16930
7240.732394366197,9387.014084507042,16946
7245.358306188925,9421.800217155263,16947
7247.903726708075,5353.291925465838,16995
7259.431372549019,5419.131652661064,17024
7279.039461020212,9444.376323387873,17065
7268.194174757282,9355,17076
7285.672051696284,5343.140549273021,17113
7289.336177474403,5377.051194539249,17114
7295.429958391123,9478.56588072122,17136
7331.815047021943,5327.396551724138,17291
7327.146666666666,9462.4,17295
7352.688781664656,9549.64656212304,17336
7360.94,5342.836363636364,17379
7383.919028340081,9504.998650472337,17444
7391.02442159383,9586.289203084832,17482
7391.228791773778,5341.501285347043,17497
7401.522620904836,9545.547581903276,17516
7416.093857832988,9472.861283643892,17546
7431.6623505976095,9560.777888446217,17617
7428.150837988826,5338.150837988826,17643
7440.326633165829,9584.462311557789,17682
7459.494345718901,5351.738287560582,17730
7467.796511627907,9594.553779069767,17758
7494.619808306709,5345.166134185303,17872
7499.449035812672,9603.826446280991,17887
7518.703664921466,5355.251308900523,17942
7525.903703703703,9532.233744855968,17959
7557.914330218068,5340.942367601246,18064
7555.754285714285,5369.362857142857,18065
7561.314500941619,9612.485875706214,18071
7591.195121951219,5384.848780487805,18205
7599.019329896907,5346.461340206186,18211
7603.118055555556,5367.701388888889,18262
7651.809849521203,9645.160054719565,18371
7658.74200913242,5326.041095890411,18452
7718.149038461538,5370.451923076923,18642
7750.690821256038,5386.166666666667,18759
7765.581708137189,9642.617350369872,18771
7779.68267223382,5393.405010438413,18844
7806.263819095478,9620.543969849246,18922
7805.020072992701,9561.684306569345,18927
7810.792207792208,5417.722943722944,18959
7813.595180722891,8146.47469879518,18960
7815.415343915344,7710.306878306878,18975
7831.8682766191,9579.628979143798,18993
7831.342168674699,7741.421686746988,19022
7839.336798336798,5408.04158004158,19042
7843.008154943935,8078.93374108053,19046
7845.781045751634,7820.766339869281,19066
7846.761904761905,9546.975056689342,19071
7848.602222222222,7703.077777777778,19087
7845.086206896552,9517.327586206897,19095
7848.653846153846,8120.891025641025,19100
7855.735099337749,7792.619205298013,19109
7856.492753623188,7757.221532091097,19114
7865.730973451327,5452.260176991151,19132
7870.657276995305,5564.4260563380285,19139
7871.113425925926,7873.320601851852,19146
7871.801713586291,5524.45899632803,19149
7876.241081081081,7724.441081081081,19157
7874.930555555556,7680.773611111111,19167
7874.079429735234,8072.73116089613,19168
7873.3488372093025,8102.073643410853,19169
7871.414285714286,8138.32,19170
7881.063451776649,7909.455583756345,19177
7870.12,8283.916923076924,19178
7875.585551330799,7998.264258555133,19182
7882.80473372781,9516.991715976332,19189
7883.938223938224,8047.287644787645,19198
7882.559099437148,7817.598499061914,19206
7887.718619246862,9553.246861924688,19207
7885.071618037135,7778.949602122016,19224
7898.273170731707,7961.032520325203,19244
7906.566022544283,8245.101449275362,19245
7890.528776978417,8176.413669064748,19249
7900.056300268096,5548.924932975871,19258
7900.678181818182,8281.247272727273,19269
7902.347589424572,8482.154743390358,19270
7904.543087971275,8404.236086175943,19271
7904.208643815201,5505.123695976155,19275
7907.09907120743,7448.800309597524,19276
7904.340122199593,8030.765784114053,19289
7912.043586550436,8193.77210460772,19306
7914.210144927536,7644.149275362319,19328
7912.799054373522,9490.768321513002,19329
7918.972602739726,5641.495890410959,19355
7922.465328467153,7602.293795620438,19361
7922.714285714285,7580.919047619048,19391
7931.103967168263,9537.67852257182,19403
7927,7488.038461538462,19416
7930.525157232704,8440.90251572327,19420
7932.14798206278,8341.816143497757,19429
7939.043650793651,5581.49007936508,19439
7942.063781321184,8482.657175398634,19440
7946.460277427491,8278.41740226986,19465
7949.351973684211,8313.707236842105,19466
7953.700184501845,5694.734317343174,19474
7958.875659382064,8568.733232856066,19477
7951.0078125,8417.080729166666,19480
7949.641711229947,9504.564171122996,19481
7952.441253263708,7552.902088772846,19487
7950.281984334204,9476.107049608356,19488
7952.76329787234,5628.331117021276,19491
7948.868493150685,8369.501369863014,19492
7947.270440251572,7421.66037735849,19503
7970.591320072333,8525.289933694998,19525
7980.963149078727,5646.458961474037,19607
7975.95703125,8406.19140625,19614
7977.815151515151,8429.951515151515,19615
7984.18875502008,7499.897590361445,19632
7990.319895968791,5685.096228868661,19641
7990.173041894353,7450.420765027322,19652
7991.668560606061,8468.276515151516,19660
7998.986135181975,7426.135181975736,19675
7989.783505154639,7329.701030927835,19683
7995.961373390558,7404.991416309012,19691
8001.292808219178,7375.684931506849,19696
8013.322195704057,8591.284805091487,19720
8009.775956284153,8511.81238615665,19741
8013.764204545455,7282.549715909091,19763
8022.838440111421,5678.186629526463,19774
8022.765067650676,7353.066420664207,19779
8015.091954022989,7396.471264367816,19800
8023.876736111111,8458.246527777777,19801
8039.282352941176,7286.971764705882,19850
8042.549668874172,5710.827814569537,19896
8044.923890063425,8503.093023255815,19898
8041.967105263157,9350.03947368421,19906
8058.5625,7361.238782051282,19925
8051.745222929936,5793.6815286624205,19933
8069.894566623545,5740.325355756791,19947
8062.329203539823,5862.922123893805,19952
8066.893169877408,8528.789842381786,19960
8062.336158192091,8494.742937853107,19970
8068.072271386431,9345.27138643068,19988
8070.202991452991,7295.568376068376,19999
8068.49,5780.05,20019
8080.987804878048,8563.033101045296,20029
8078.703933747412,5808.888198757764,20033
8085.450549450549,7240.820512820513,20046
8084.659050966608,7208.558875219684,20051
8083.284210526316,5776.898245614035,20076
8083.457547169812,5834.561320754717,20082
8096.562068965517,9320.422413793103,20106
8096.025369978858,5926.021141649048,20119
8098.625477707006,7069.124840764332,20128
8095.890577507599,8542.483282674772,20135
8095.270588235294,7177.435294117647,20146
8104.411666666667,8499.66,20162
8113.431587837837,5894.174831081081,20169
8105.501886792453,5839.432075471698,20177
8110.816546762589,7085.51618705036,20199
8131.284546805349,7107.7890044576525,20239
8122.542168674699,9326.85341365462,20251
8123.764595103578,7151.975517890772,20255
8135.144307469181,8509.23350253807,20281
8126.959885386819,5819.037249283668,20283
8144.130480167015,5966.306889352818,20319
8136.324137931035,5836.413793103448,20326
8142.290187891441,6020.096033402922,20345
8146.957605985038,9308.18204488778,20370
8148.438311688312,5883.707792207792,20375
8153.451546391752,5923.235051546391,20387
8159.848322147651,7017.71677852349,20390
8165.915113871635,5952.83850931677,20434
8163.800578034682,7067.43063583815,20439
8166.216174183514,6099.068429237947,20446
8170.644604316547,6983.634532374101,20447
8169.415224913495,6923.384083044983,20487
8176.0327586206895,6033.679310344827,20496
8181.497907949791,8495.995815899581,20500
8175.0594594594595,6000.554054054054,20502
8175.794117647059,5902.385294117647,20512
8180.147632311978,9298.718662952646,20520
8191.498924731182,6061.756989247312,20554
8190.166666666667,5931.916666666667,20562
8201.095510983763,5969.395415472779,20573
8204.691024622716,8521.980142970611,20576
8198.150943396226,8571.521440823328,20584
8199.445652173914,6961.839130434782,20601
8202.615979381444,9272.461340206186,20604
8204.252964426878,6096.910079051383,20607
8217.443011861784,6880.43527591542,20626
8200.648648648648,6849.345945945946,20644
8204.986945169712,6928.6971279373365,20645
8206.056042031523,6221.173380035027,20652
8212.476510067114,6172.223154362416,20667
8220.208771929825,6138.285964912281,20691
8221.542141230068,6204.512528473804,20726
8227.91304347826,6786.548136645963,20737
8223.034722222223,6830.940972222223,20738
8230.193548387097,8536.08064516129,20776
8236.124309392266,8561.533149171271,20783
8250.872053872054,6803.631313131313,20835
8249.182608695652,6259.460869565218,20863
8249.803418803418,6737.474358974359,20869
8260.958885941645,8534.458885941645,20874
8270.346698113208,6772.101415094339,20918
8260.618705035971,6691.640287769784,20921
8262.630434782608,6621.358695652174,20934
8271.916449086162,6234.916449086162,20950
8275.70297029703,6720.090909090909,20956
8272.131578947368,6288.8421052631575,20969
8278.632098765433,9219.138271604936,20975
8277.048648648648,8568.751351351351,20994
8290.779805352799,6255.703163017031,21000
8283.185096153846,9184.060096153846,21009
8293.530864197532,8546.796296296296,21053
8308.616727941177,6622.765625,21081
8323.885654885655,6345.5654885654885,21128
8325.309523809523,6555.311594202899,21177
8319.920212765957,9148.38829787234,21185
8321.372549019608,6641.7892156862745,21203
8319.084210526316,9175.673684210526,21206
8337.401373895977,8584.888125613346,21243
8329.540145985402,9190.04379562044,21249
8344.371115173675,9148.11151736746,21296
8352.971830985916,6322.668373879642,21311
8343.42328042328,6642.513227513227,21312
8362.973426573426,6590.297202797203,21326
8351.11343283582,9170.322388059702,21335
8365.160857908848,6542.0723860589815,21366
8360.409638554216,8602.87048192771,21389
8377.785310734464,9132.814971751412,21430
8380.664516129033,6515.093548387097,21444
8379.597051597051,9167.202702702703,21445
8378.439372325249,8584.320970042796,21447
8391.940747493163,6361.752962625342,21481
8389.124113475178,8614.198581560284,21509
8417.007731958764,9169.822164948451,21627
8434.51447368421,6449.221052631579,21697
8428.632135306554,6480.494714587738,21698
8459.934027777777,8608.621527777777,21793
8456.613756613757,9182.35052910053,21812
8460.589506172839,6427.884259259259,21815
8463.670212765957,8648.840425531915,21886
8506.106125970664,8628.76531492666,22017
8502.93009118541,8668.328267477204,22052
8497.716981132075,9144.735849056604,22057
8521.08357771261,9173.860703812315,22108
8534.613814756673,8651.729984301413,22173
8543.848034006376,9196.609989373008,22190
8561.283737024221,8700.783160322953,22263
8562.351648351649,8656.684065934065,22303
8603.553113553113,8768.306227106226,22375
8596.18326693227,8671.69920318725,22410
8598.364,9198.3,22449
8603.370754716982,8717.058490566038,22457
8625.517197452229,9140.531210191082,22529
8635.962962962964,8735.30324074074,22630
8634.99585921325,9187.101449275362,22631
8650.06324110672,8693.610276679841,22662
8662.427672955975,8726.383647798742,22780
8688.005747126437,8753.151340996168,22876
8706.76338028169,9198.075117370892,22923
8712.376306620208,8755.031358885017,23008
8727.91935483871,8737.921146953406,23040
8726.034482758621,8775.820689655173,23066
8740.105590062112,8764.496894409938,23105
8772.823924731183,9161.18817204301,23224
8774.066326530612,8716.3537414966,23227
8774.84935897436,8760.88141025641,23235
8793.147916666667,9196.714583333332,23315
8800.166023166023,8673.832046332047,23346
8799.945295404814,8731.413566739606,23359
8803.778625954199,9176.722646310433,23371
8815.257597684515,9142.991316931984,23397
8818.843450479233,8757.571884984025,23422
8831.617424242424,9174.382575757576,23457
8856.886776145204,9147.502160760589,23531
8878.952153110047,8592.976076555024,23680
8885.82495948136,9178.45542949757,23692
8894.259725400458,8636.594965675056,23718
8913.67076923077,8594.05076923077,23812
8919.774699907664,9194.187442289936,23813
8941.598227474151,8562.581979320532,23928
8949.641975308641,8612.995884773663,23986
8962.720873786408,9200.01213592233,24028
8979.26355140187,8596.897196261682,24075
8990.76710334789,8553.616205725377,24086
8996.118657937806,9193.390343698857,24145
9023.702239789196,8503.09486166008,24190
9030.71723518851,9224.02513464991,24261
9030.814117647058,8578.321176470588,24278
9026.558635394456,9165.7078891258,24281
9028.488425925923,8614.243055555555,24293
9032.350299401198,8533.847305389221,24312
9058.600607441154,8972.46317388003,24322
9064.575719649562,8510.495619524405,24415
9077.29699842022,8548.526856240127,24452
9073.86450167973,9173.43673012318,24460
9068.91304347826,9135.05016722408,24470
9069.52613240418,9103.98606271777,24474
9073.617821782178,8474.265346534654,24479
9071.248148148148,9050.67037037037,24488
9081.744552058111,8433.014527845036,24497
9085.369343065691,8388.081751824817,24522
9095.206286836936,9095.952848722984,24572
9096.18134715026,9133.663212435233,24597
9118.76209048362,8997.26833073323,24614
9107.466850828729,8359.267955801104,24620
9105.413953488372,8412.67441860465,24621
9117.605714285712,8945.548571428571,24642
9126.659932659932,9049.567901234568,24684
9120.857142857143,9089.395784543323,24690
9126.052631578948,8918.46052631579,24729
9134.91393442623,8344.483606557376,24747
9154.360054347826,8893.883152173914,24816
9154.304104477613,8956.169776119403,24820
9161.82075471698,8341.877358490567,24880
9192.074729596854,8355.79842674533,24946
9186.298342541437,8320.54143646409,24973
9193.765193370164,8871.831491712706,24987
9204.527298850577,8911.741379310344,25011
9214.34716981132,8382.74968553459,25052
9221.250493096646,8937.431952662722,25097
9225.42828685259,8892.689243027888,25109
9235.3,8356.452631578948,25169
9242.146048109966,8323.89175257732,25179
9249.665346534654,8682.716831683168,25194
9252.307692307691,8902.802675585284,25237
9267.74801061008,8350.872679045093,25263
9273.06330749354,8652.102067183463,25294
9292.947976878611,8564.487861271677,25323
9283.084778420038,8704.57225433526,25324
9280.093333333334,8379.74,25335
9292.73076923077,8599.15625,25374
9290.512747875357,8763.254957507083,25383
9297.396610169491,8743.705084745763,25410
9308.805023923444,8631.967703349283,25429
9316.564322469983,8684.746140651801,25453
9317.048407643311,8347.528662420382,25459
9315.03721682848,8583.550161812298,25460
9311.287610619467,8383.115044247788,25473
9320.227533460804,8780.820267686424,25488
9330.65559772296,8746.96679316888,25518
9341.772331154683,8549.023965141612,25560
9342.944022770398,8374.627134724858,25575
9339.555066079296,8910.444933920704,25577
9350.446381865737,8794.699215344377,25583
9348.259852216748,8687.75,25604
9358.9754601227,8843.028220858896,25639
9373.600120992136,8607.082879612824,25666
9382.92985971944,8415.664328657314,25681
9372.95137976347,8742.49014454665,25689
9378.50643776824,8376.74678111588,25727
9391.59393428812,8802.150800336984,25757
9399.161344537815,8483.70168067227,25792
9396.357235984357,8842.792698826597,25796
9399.437768240345,8563.991416309012,25817
9410.577981651377,8534.85738115096,25829
