x, y, cell_label
10385.77981651376,5681.941896024465,29428
10393.45207253886,5717.984455958549,29467
10442.602184087364,5702.711388455538,29620
10452.480459770117,5740.12030651341,29621
10433.805555555557,5625.385416666667,29626
10443.10447761194,5654.835820895522,29663
10505.947293447294,5707.423076923077,29809
10509.71375464684,5741.6208178438665,29877
10518.222,5787.232,29887
10551.21794871795,5818.294871794872,30024
10578.915110356536,5823.954159592529,30089
10577.123188405798,5873.152173913043,30098
10588.748299319728,5765.006802721088,30139
10611.636627906975,5812.014534883721,30166
10623.039426523295,5924.050179211469,30245
10635.01677148847,5787.842767295598,30266
10639.506958250497,5904.532803180915,30267
10633.756097560976,5838.609756097561,30285
10662.150476190476,5805.489523809524,30352
10662.226164079822,5835.476718403547,30353
10689.591497227357,5913.215341959334,30401
10681.202460850112,5972.733780760626,30410
10708.343575418994,5994.463687150838,30518
10727.277182235835,5923.944869831546,30563
10731.274163568773,5875.082713754647,30569
10756.745639534884,5979.950581395349,30612
10755.03448275862,5933.251436781609,30648
10789.236966824645,5926.518957345972,30760
10802.263231197772,5960.74651810585,30786
10805.68008948546,5907.821029082774,30795
10813.153661464588,6006.434573829532,30812
10843.95739910314,6004.293721973094,30885
10868.600321027288,6154.756019261637,30982
10887.280238500853,6077.190800681431,30991
10895.23126734505,6137.848288621647,31014
10893.390365448506,6185.676910299003,31050
10927.454462659382,6213.453551912568,31151
10943.17494600432,6245.855291576674,31211
10945.428015564205,6114.229571984436,31215
10965.770459081836,6178.483033932136,31262
10973.038800705468,6268.626102292769,31287
10977.74173553719,6227.039256198347,31292
11004.556691449814,6142.877323420074,31343
10996.672143974962,6311.825508607199,31350
11020.92586490939,6349.247940691927,31421
11012.816666666668,6245.611111111111,31427
11034.31124807396,6311.15716486903,31468
11060.584474885844,6390.841324200913,31538
11074.7343387471,6274.92807424594,31566
11090.804270462631,6340.545670225386,31618
11088.734104046243,6261.945086705202,31640
11135.313479623825,6267.537617554859,31738
11149.4686774942,6402.47331786543,31766
11167.109004739335,6337.8278041074245,31820
11187.302512562814,6408.28743718593,31859
11203.123382226056,6490.550474547023,31896
11196.55376344086,6344.680107526881,31909
11216.468468468467,6563.70045045045,31936
11236.952688172045,6612.85376344086,31999
11246.394655704007,6549.697841726619,32011
11243.803738317756,6487.890186915888,32015
11287.16275659824,6457.017595307918,32142
11305.780423280425,6550.674603174603,32167
11355.981467181467,6643.844787644788,32263
11351.742307692308,6566.496153846154,32282
11358.732394366198,6535.784708249497,32299
11380.861760660247,6708.437414030262,32323
11362.701873935264,6792.066439522999,32324
11387.23550295858,6773.971597633136,32335
11367.041758241758,6616.175824175824,32346
11401.128486897718,6832.267117497887,32397
11404.35368577811,6578.33730454207,32411
11415.486880466471,6667.7959183673465,32454
11425.504456327986,6774.308377896613,32470
11448.833333333334,6880.724206349207,32532
11468.835,6823.294,32564
11508.999211977936,6908.222222222223,32648
11514.54411764706,6980.523755656109,32682
11524.823373173973,6839.662682602921,32707
11533.386404293382,6815.869409660108,32726
11538.822440087146,6788.056644880175,32728
11564.79357798165,6852.891437308868,32800
11578.25155279503,7009.281055900621,32845
11584.581609195402,6892.287356321839,32855
11613.795005202914,7071.166493236212,32908
11616.347581552303,6983.868391451068,32912
11614.92046659597,7025.304347826087,32918
11677.543872371283,6989.202320522118,33062
11688.430976430976,7182.6127946127945,33112
11700.729463307776,7144.358159912377,33130
11706.095577746077,7120.330955777461,33150
11707.58958068615,7219.500635324015,33159
11723.943107221006,7104.155361050328,33215
11729.738617200675,7186.077571669477,33222
11743.923988153998,7150.753208292202,33242
11759.844571428572,7080.634285714285,33295
11760.492771084337,7257.0204819277105,33300
11780.74619771863,7312.524714828897,33342
11795.401985111665,7246.843672456575,33391
11800.117001828154,7135.504570383912,33397
11810.62962962963,7342.771990740741,33421
11832.557692307691,7207.719780219781,33473
11836.427852348994,7280.947986577181,33474
11841.229246487866,7380.955938697318,33477
11867.041666666666,7299.751388888889,33535
11874.653666146643,7231.131045241809,33544
11866.901234567902,7268.358024691358,33562
11910.110339506173,7417.423611111111,33604
11896.85,7315.9,33606
11920.218241042345,7407.00325732899,33664
11930.896718146718,7384.7722007722,33672
11926.039603960397,7294.410891089109,33686
11978.668404588112,7488.865484880083,33773
11980.373540856031,7431.054474708171,33799
11988.567656765676,7554.23102310231,33813
12000.320685434515,7615.128518971848,33825
11996.469194312796,7571.867298578199,33833
12009.93373493976,7467.915662650603,33852
12044.957912457912,7561.527777777777,33905
12064.308823529413,7720.558823529412,33971
12074.683333333332,7620.483333333334,34015
12087.814655172411,7746.064655172414,34036
12102.58496732026,7694.384531590414,34054
12113.90212071778,7617.685970636216,34062
12116.64,7768.838181818181,34084
12140.612903225809,7815.940860215053,34147
12145.044750430292,7848.657487091222,34151
12151.993499458287,7796.108342361864,34154
12166.128503075872,7643.816131237184,34181
12194.782731776362,7799.45152158528,34239
12210.617148554336,7908.44965104686,34267
12215.589198036008,7882.070376432079,34292
12233.567541302236,7729.389698736638,34311
12238.580874872838,7844.148524923703,34326
12238.285714285714,7973.648648648648,34346
12264.54051054384,7944.938956714761,34379
12262.655990510084,7996.489916963226,34381
12287.27129750983,7898.899082568807,34425
12294.02600780234,7952.5045513654095,34428
12292.74318181818,8016.927272727273,34435
12311.703942075625,7807.543041029767,34442
12305.027777777776,7879.125,34455
12338.50250178699,7852.337383845604,34510
12322.597701149423,8079.580459770115,34511
12344.702863961817,7975.762529832936,34516
12337.455197132616,8033.965949820788,34527
12339.361809045226,8085.537688442211,34544
12357.422626788037,7895.827048114435,34554
12364.125899280576,8142.327338129497,34571
12380.427072402936,8056.989506820567,34603
12390.403522818257,7987.586068855084,34608
12438.75965665236,8006.367668097282,34714
12454.283931357257,8091.982839313572,34744
12465.736051502146,8226.74678111588,34772
12470.277955271566,8177.316293929713,34784
12479.60210526316,8063.850526315789,34795
12493.45920502092,8265.588912133891,34811
12505.23814229249,8179.947628458498,34815
12487.249180327868,8196.77049180328,34816
12517.13949013949,8127.194805194805,34844
12527.751547987617,8259.845975232198,34871
12527.69111969112,8301.142857142857,34888
12552.093237704918,8255.951844262296,34917
12560.632754342432,8350.658395368073,34938
12644.098348887292,8480.578607322326,35067
12643.494897959185,8405.865646258504,35072
12672.213636363636,8290.780909090909,35110
12682.92418032787,8521.40368852459,35140
12714.23698630137,8498.047945205479,35181
12721.838383838383,8609.858585858587,35208
12736.848566308245,8595.195340501792,35218
12755.393758300132,8541.056440903054,35242
12754.633576642336,8674.538686131387,35249
12755.481767955802,8737.165745856353,35255
12763.267489711934,8639.670781893004,35271
12772.788804071246,8612.01272264631,35277
12789.44235924933,8506.201072386059,35284
12778.859296482413,8778.765494137353,35285
12806.847887323944,8692.139906103286,35317
12815.660965180208,8649.904703726328,35321
12816.745743473326,8609.954597048809,35334
12817.633431085043,8865.92521994135,35336
12810.427015250543,8810.274509803921,35338
12832.23097826087,8515.679347826086,35345
12823.882736156353,8581.827361563517,35346
12830.194229415903,8759.545390570021,35348
12855.223958333334,8717.185763888889,35385
12865.182967398536,8766.094477711244,35390
12869.459657701713,8699.128769356153,35396
12869.131702728127,8942.428033866416,35399
12865.083213773314,8616.276901004305,35405
12859.44262295082,8817.819672131147,35410
12870.486419753086,8887.953086419753,35416
12885.010484927916,8998.798165137614,35428
12889.431972789116,9059.43537414966,35440
12920.154639175258,8666.896219931272,35461
12929.483436271756,8837.78439079169,35481
12936.535164835164,8932.898351648351,35488
12928.434782608696,9156.853754940712,35489
12943.68130690948,9082.542046063205,35490
12941.110429447852,8738.665644171779,35505
12952.561497326204,9025.9688057041,35508
12963.536259541985,9173.685114503816,35522
12967.452655889145,9248.4376443418,35527
12984.749508840863,9144.45677799607,35547
12996.39531941809,9223.91587602783,35550
12992.358422939067,8834.906810035842,35551
12997.989987484356,9059.11013767209,35556
13001.32635585157,9028.84110371075,35562
13005.535152151102,9344.89296956978,35565
13000.795366795366,9278.934362934362,35570
13013.96720061022,9181.222730739892,35576
13028.993265993266,8816.993939393938,35577
13021.423076923076,8900.133526850508,35581
13018.422893481717,9308.453100158982,35589
13031.49801192843,8858.636182902585,35593
13028.11801242236,8776.755693581781,35595
13041.746810598626,9012.348380765456,35603
13037.62487046632,9357.39067357513,35604
13058.043585526317,9104.353618421052,35620
13068.010606953449,9204.908073070124,35623
13071.146265560166,9466.20539419087,35631
13083.078446909669,8933.015055467511,35636
13091.012863534675,9138.724272930647,35646
13086.011023622048,9029.612598425198,35651
13091.345542501727,9516.627505183138,35652
13095.294954721863,9330.045278137128,35658
13106.28375,9269.206875,35661
13116.043298969073,9713.862542955329,35662
13114.1329394387,9914.780649926144,35671
13122.321362229102,9637.575232198142,35674
13130.330845771145,9180.760696517413,35676
13118.075268817203,9086.74623655914,35678
13130.491795366795,9366.091216216217,35681
13136.843304843303,9133.31908831909,35683
13131.53665158371,9578.870588235292,35685
13128.635111876076,9231.342512908775,35687
13131.470976253298,9483.654353562006,35688
13134.855123674912,8954.780918727914,35695
13148.172719935432,9804.206618240516,35700
13139.833333333334,9835.562841530054,35702
13155.99493670886,10050.678481012656,35706
13154.206409048067,9878.563619227143,35707
13172.583225248594,9991.117596195418,35710
13167.348734177214,9062.443037974685,35712
13158.442441054092,9610.44105409154,35714
13162.580996884735,9401.26168224299,35715
13161.628205128203,9658.12271062271,35716
13156.777456647398,9765.552023121389,35717
13175.754332313963,9490.423037716617,35723
13188.389932885906,9333.508053691276,35725
13178.950342465754,9713.825342465754,35726
13183.057918552036,9426.529411764706,35727
13177.473081328752,9846.528064146622,35729
13183.8006833713,9545.469248291573,35730
13181.790091264667,9285.306388526727,35731
13186.3301787592,9773.21451104101,35734
13193.884955752212,9026.680611423972,35740
13191.991589571067,9926.195962994112,35741
13191.67816091954,9600.738505747126,35745
13212.00279173646,9397.294807370185,35748
13202.778516057586,10056.375415282391,35749
13205.564197530864,9469.145679012345,35755
13218.03856041131,9860.640745501283,35758
13223.164102564102,9514.764102564102,35759
13222.542236024845,9233.573291925466,35761
13229.996439471008,9993.198880976604,35763
13218.205317577547,9095.056129985229,35764
13221.049132947976,9580.670520231211,35765
13238.786873156345,9334.896755162245,35772
13231.608695652174,9294.974424552429,35774
13244.105109489052,9636.297810218975,35777
13240.89330024814,9782.033498759303,35778
13244.430162810626,9928.005141388176,35781
13249.847733711047,9747.993626062324,35782
13245.320907617504,9139.37358184765,35783
13240.709090909091,9472.04155844156,35784
13249.513011152416,9064.459727385378,35785
13250.695344129555,9704.76923076923,35786
13257.09497206704,9544.369646182497,35789
13246.316037735847,9807.941037735847,35790
13256.13249651325,9426.16317991632,35793
13269.276608910892,10123.408415841584,35796
13280.107772020723,9875.317098445596,35804
13282.845898004434,9834.89467849224,35805
13287.618889809444,9272.996685998343,35806
13292.520661157025,9379.75688705234,35807
13287.856540084387,10095.167721518988,35808
13278.258389261746,9905.19798657718,35809
13280.28323699422,9218.156069364162,35811
13280.43085106383,9983.462765957447,35812
13284.80608365019,9570.328897338402,35813
13287.9228362878,9505.4212721585,35815
13285.736842105263,9728.176570458403,35816
13306.716354344122,9447.507666098809,35820
13300.365217391303,10027.26304347826,35822
13303.709480122325,9701.093272171254,35824
13303.531553398056,9597.325242718449,35827
13312.951017811703,9944.877226463104,35828
13319.51078515962,9757.79206212252,35829
13313.395739910316,9796.32062780269,35830
13329.915273775216,10327.185590778096,35832
13326.54831932773,9689.758403361344,35834
13343.478859390363,9206.720747295967,35841
13336.677333333331,10277.218666666668,35842
13346.522240527183,9345.03294892916,35845
13347.23365695793,10159.453721682848,35846
13343.801136363636,9852.701704545454,35848
13346.164325842698,10208.438202247193,35850
13349.259629101283,9441.0485021398,35851
13353.340694006309,9399.432176656152,35852
13353.423875432523,9951.065743944637,35853
13369.50632215503,9565.272677295216,35855
13368.758364312269,9994.287484510533,35856
13363.32633279483,10123.46042003231,35857
13369.913194444443,9785.63599537037,35860
13383.619397501838,10035.301249081558,35864
13382.194271481943,10068.326276463264,35866
13377.103850641774,10254.04317386231,35867
13382.44824775876,9401.335778321109,35868
13383.725165562912,10339.120309050772,35871
13387.855129209083,9948.503523884105,35874
13396.114824335904,10105.85089974293,35875
13390.058823529413,9345.72705882353,35876
13402.254285714283,9322.64,35877
13406.453531598512,9741.986059479554,35878
13407.906040268455,10428.724222086636,35879
13397.507575757576,9898.35606060606,35880
13409.105882352942,9684.625,35884
13418.915050784855,9466.137580794091,35886
13425.990598713508,10280.744680851063,35888
13418.438235294116,9560.183823529413,35890
13423.598448108633,10378.63433559651,35891
13431.759377859104,9623.251601097896,35894
13435.844611528822,10143.490392648288,35895
13433.637078651684,10224.976404494382,35896
13435.65915768854,9661.729676787463,35899
13434.825230769233,10061.676923076922,35900
13438.302631578948,9898.08552631579,35904
13441.153078202997,9869.282861896838,35905
13440.199724517906,10595.088154269972,35906
13451.479489516863,9433.575205104831,35907
13444.75988700565,9567.047080979284,35908
13451.540261527873,9734.789401238815,35909
13450.768115942028,9784.852437417654,35910
13449.35096153846,9831.877747252747,35911
13457.575189873418,10185.490632911393,35913
13458.824074074077,9966.344276094276,35916
13454.860927152318,10478.576158940396,35917
13483.48756476684,10276.312953367877,35920
13483.257975034674,10543.276930189551,35922
13481.016034985423,10636.31413994169,35925
13484.608796296296,10702.431327160491,35926
13486.94625,9429.49875,35927
13487.234865470851,10047.423206278028,35929
13488.737242955063,10128.759329779132,35931
13497.30988593156,10213.48288973384,35932
13493.8502170767,10391.278581765557,35934
13486.535168195718,9853.003058103975,35936
13499.029958677684,9774.277892561984,35937
13501.017653167186,9619.342679127723,35938
13507.586225026287,9965.187171398527,35940
13503.57219251337,9899.29679144385,35942
13515.497507477568,9861.787637088732,35945
13528.453161052146,10363.880018458698,35947
13524.681424446584,10789.784408084695,35948
13527.619900497511,10725.669651741291,35949
13527.066282420748,10646.55619596542,35952
13534.959844559586,9751.82512953368,35955
13532.94956140351,10049.350877192985,35956
13534.896103896104,10108.744588744588,35959
13547.229465449804,10204.102998696218,35961
13545.780651340996,10281.337164750958,35962
13547.136752136752,9923.824786324789,35963
13548.17857142857,9818.559523809525,35965
13558.535974130962,10618.071139854486,35966
13559.4670433145,10705.224105461391,35967
13564.640579710143,10462.901449275363,35968
13573.285849952515,10938.617283950618,35969
13568.362953692114,10782.942428035043,35970
13573.519140989729,9673.105508870214,35972
13574.910447761196,10012.370149253731,35973
13568.738717339667,9872.33729216152,35975
13578.56449001619,10283.057744198595,35976
13570.71720116618,10374.944606413994,35977
13574.520231213874,10211.445086705202,35978
13579.32637075718,10887.18276762402,35979
13584.323456790124,10144.19012345679,35981
13587.297475301866,9804.022502744236,35982
13590.490171990172,10056.960687960687,35984
13590.190527448867,10614.775026910656,35985
13593.079150579151,9918.563706563707,35986
13601.226804123711,10780.389373513084,35987
13603.777150916783,10352.332863187588,35988
13599.047146401985,10391.667493796524,35989
13604.816740646798,10479.680405833862,35990
13610.144546649146,10666.795006570304,35991
13609.539138943248,10262.805283757338,35992
13620.995070422536,10554.661971830988,35993
13607.366255144032,10105.958847736623,35994
13615.771260997068,10598.483870967742,35995
13613.765395894428,9890.065982404692,35996
13613.182704019488,11009.18514007308,35997
13614.613903743317,9971.12834224599,35998
13620.318783068784,10065.92328042328,35999
13621.03678929766,9805.3745819398,36000
13632,10392.344870210136,36001
13639.767319277107,10181.954819277107,36002
13637.691156462584,9901.404081632652,36003
13643.52012383901,10052.924664602684,36004
13647.599206349209,10549.753968253968,36005
13640.298850574713,10504.181609195402,36006
13635.730337078652,10726.134831460677,36007
13643.468239564429,10240.355716878405,36008
13655.73695652174,10328.879710144927,36009
13648.092872570194,10686.872570194384,36010
13654.006923076922,10118.362307692309,36011
13651.24623115578,10444.62311557789,36012
13653.183650615902,10017.296752519596,36013
13656.652678571429,9949.257142857145,36014
13671.117449664427,10821.402684563758,36015
13677.18656716418,10390.430348258706,36016
13680.013888888889,10263.892094017094,36017
13692.209595959595,10117.3952020202,36018
13686.451219512195,9985.39024390244,36019
13699.639010189228,10357.157205240175,36020
13692.978354978355,10776.8658008658,36021
13706.435424354244,10182.29889298893,36022
13712.42372881356,10558.29872881356,36023
13720.659317211948,10267.571123755337,36024
13738.880036630037,10354.777472527472,36025
13736.509225092252,10854.340221402214,36026
13729.723320158102,10528.142292490118,36027
13745.590476190477,10420.392207792209,36028
13741.234113712377,10674.628762541806,36029
13748.675373134329,10144.430970149251,36030
13765.346981263012,10202.369188063843,36031
13768.940412979351,10502.145132743362,36032
13758.836236933796,10830.188153310104,36033
13792.340174129353,10632.47947761194,36034
13787.822627037393,10337.944391179291,36035
13791.418006430868,10803.097534833869,36036
13794.226785714283,10436.985714285714,36037
13820.367491166078,10228.579505300351,36038
13815.352839931153,10397.69965576592,36039
13820.772983114446,10194.651969981238,36040
13834.537968892955,10352.476669716378,36041
13825.544609665429,10595.654275092937,36042
13833.879093198992,10308.108312342569,36043
13848.766153846154,10261.123846153849,36044
13836.723367697594,10522.676975945018,36045
13862.613636363636,10491.90909090909,36051
