x, y, cell_label
4977.576998050682,8388.25730994152,7226
4992.205638474296,8359.14096185738,7273
4999.983088235294,8316.053676470588,7288
5025.736842105263,8400.478947368421,7368
5041.276908023483,8245.63698630137,7402
5028.7453416149065,8220.447204968945,7405
5055.2578125,8365.872869318182,7441
5056.060393258427,8204.126404494382,7461
5096.156158357771,8391.434017595308,7513
5093.214524207012,8116.350584307179,7542
5080.173177083333,8183.828125,7543
5103.773453093812,8219.114770459082,7602
5099.860824742268,8272.345360824742,7621
5109.775438596491,8149.277192982456,7634
5128.116293929713,8060.401277955271,7651
5140.107784431138,8176.591616766467,7691
5141.311983471074,8240.303719008265,7692
5136.225181598063,8349.805084745763,7693
5164.667432510052,8133.695002871913,7782
5169.789294817332,8358.067119796091,7795
5163.2750716332375,8394.0888252149,7816
5170.364130434783,8034.480072463768,7824
5172.985748218527,8292.5,7828
5187.3445026178015,8204.443979057593,7868
5211.590423059042,7984.822873082287,7889
5205.615835777126,8148.88954056696,7910
5206.931034482759,8393.983908045977,7935
5222.952214452214,8036.363636363636,7959
5225.555873925501,8111.41929321872,7968
5225.90586531499,8311.05792903693,7972
5236.80684596577,8191.9621026894865,7985
5233.3768804433885,8235.808392715757,7988
5246.184210526316,7934.35294117647,8049
5268.026789131267,8071.166092613854,8050
5260.965361445783,8131.350903614458,8095
5279.85182849937,8292.806431273644,8119
5274.529411764706,8187.459621136591,8137
5280.891341256367,8372.056027164686,8140
5287.4757630161575,8148.425493716338,8170
5296.273344651952,8344.95755517827,8177
5297.609099350047,8025.316620241411,8185
5309.357184750733,7942.334897360703,8203
5303.704441041347,8113.010719754977,8218
5322.175078864353,8237.06309148265,8243
5319.925946862634,8174.76596947428,8248
5337.031096563012,7954.907528641571,8288
5335.32196969697,7997.477272727273,8307
5339.365798414496,8334.596828992073,8310
5359.016504443504,7885.022852306391,8318
5361.316654753396,8117.823087919943,8337
5345.9496336996335,8388.92857142857,8346
5354.670495767836,8021.024183796856,8353
5364.010644959299,8281.308077645586,8386
5383.853358561968,8168.556764427625,8408
5375.249674054759,8051.609517601043,8415
5382.314524555904,8357.543364681296,8470
5383.370221327968,8391.458752515091,8492
5403.343373493976,7986.431726907631,8540
5436.890076335878,8199.681424936387,8598
5433.702290076336,7921.700109051254,8606
5434.280532043531,7856.58645707376,8616
5433.319379844961,8267.95968992248,8639
5436.126623376624,8154.272727272727,8667
5451.320652173913,7877.788043478261,8673
5453.34681372549,7951.875,8688
5452.292028413575,8347.444356748225,8692
5460.445754716981,8014.463679245283,8701
5467.254763200871,8221.561785519869,8718
5469.190635451505,8398.94983277592,8750
5473.08203125,8138.3203125,8754
5494.141940085592,8059.392296718973,8779
5467.908771929825,12139.698245614036,8783
5492.5529865125245,12765.604367373153,8784
5468.33962264151,12803.14716981132,8785
5487.505162241888,7903.243362831859,8788
5494.791493296348,12529.281553398056,8790
5467.264705882353,12688.29411764706,8791
5473.565031982943,12848.82302771855,8792
5487.25387755102,8370.49142857143,8799
5484.29665587918,12253.073354908309,8812
5480.349083895853,12061.065573770493,8813
5486.933491686461,7959.478622327791,8820
5477.906451612903,11189.093548387096,8821
5474.752688172043,11340.650537634408,8822
5475.64609053498,11458.74074074074,8823
5477.981481481482,11578.361111111111,8824
5475.393939393939,11598.757575757576,8825
5486.893373493976,11800.603614457832,8826
5475.348387096774,11855.18064516129,8827
5483.088852988692,11892.607431340872,8828
5480.736434108527,11974.72480620155,8829
5482.148648648648,12739.175675675677,8845
5495.38064516129,12708.990322580645,8848
5494.148745519713,7827.956989247312,8856
5495.48023715415,10870.624505928854,8863
5497.351543942993,11935.503562945369,8864
5488.254364089776,10233.583541147133,8867
5502.665948275862,10302.61584051724,8868
5491.323321554771,10786.067137809188,8870
5501.055921052632,11092.67543859649,8872
5499.656748140276,10365.628055260362,8877
5495.800788954635,11253.899408284024,8878
5497.554528650647,11624.068391866913,8879
5499.84756097561,11371.174796747968,8889
5522.489025012762,11711.7258805513,8892
5501.144981412639,12119.888475836431,8896
5512.352135374698,8102.453666398066,8898
5508.851851851852,11341.541666666666,8899
5507.8552188552185,8411.148148148148,8903
5497.165413533835,10732.33082706767,8904
5512.227856225931,9317.067394094993,8912
5502.945974576272,9391.40466101695,8913
5497.384615384615,9479.688034188037,8914
5504.538793103448,9537.955459770115,8915
5512.015447991761,9705.161688980432,8916
5508.75,9877.945535714283,8917
5498.649289099526,9921.3672985782,8918
5496.192307692308,9967.52403846154,8919
5496.475675675676,10067.735135135135,8920
5511.041385948027,11296.041385948029,8921
5510.265795206971,11974.178649237472,8923
5513.547563805105,9582.677494199535,8925
5518.473465140479,8147.619146722164,8928
5513.848423194303,11000.88911495422,8931
5509.538681948424,12018.22922636103,8932
5515.066298342542,11651.033149171271,8940
5511.491666666667,12188.352777777778,8941
5509.201277955272,11039.964856230032,8946
5510.76970633694,12256.03400309119,8947
5526.529411764706,12316.45294117647,8948
5523.147175421209,7660.328543111992,8950
5514.616822429906,9831.37570093458,8957
5531.709265175718,11461.936558649018,8958
5511.862068965517,12511.3908045977,8959
5518.239515377446,8783.02516309413,8962
5508.339759036145,8876.814457831326,8963
5517.675177304965,9263.035460992907,8964
5510.240932642487,8490.093264248704,8965
5530.673001949318,8539.80409356725,8966
5508.386740331492,8653.878453038675,8967
5512.414893617021,8698.829787234043,8968
5527.169811320755,8915.365351629502,8969
5512.472022955523,8972.942611190818,8970
5508.1654676259,9039.86330935252,8971
5512.3670133729565,9079.092124814264,8972
5510.429166666667,11744.220833333333,8973
5525.943548387097,12467.567448680353,8974
5514.591397849463,8349.749103942653,8979
5524.196704428425,8621.207003089597,8980
5524.359269932757,9750.928914505284,8981
5524.75751995089,8004.4162062615105,8988
5526.352549889135,7937.243902439024,8997
5537.1511627906975,12089.850129198969,9004
5520.967948717948,7841.794871794872,9006
5533.5,9432.497120921304,9007
5529.355091383812,9465.215404699738,9008
5526.920265780731,11790.220376522702,9009
5531.405310971349,8253.199161425577,9015
5527.386942675159,10914.065286624204,9016
5531.593170007424,10086.481811432814,9021
5540.290048543689,11871.452669902912,9022
5530.143145161291,12005.32258064516,9023
5524.983079526227,12135.910321489002,9024
5542.633840644584,9120.89928379588,9025
5543.270462633452,11240.288256227755,9026
5533.544811320755,8737.146226415094,9028
5534.093173431735,10151.224169741698,9029
5525.588235294118,11536.006191950464,9030
5544.330297510625,9214.631451123254,9038
5528.918819188192,12809.059040590406,9039
5545.585180863477,11588.711201866978,9041
5535.513739545998,12389.721624850656,9042
5540.948971193416,9957.153086419754,9046
5543.964782608696,11939.762173913045,9047
5537.820181112548,12892.415265200518,9048
5538.448377581121,8823.945919370699,9054
5548.151682803135,10209.73490087598,9055
5540.978323699422,10272.913294797689,9056
5550.009211283823,12758.681635002878,9057
5545.162454873646,10833.972924187725,9064
5550.484282073067,11277.01699235344,9065
5531.267515923567,8471.910828025477,9071
5533.940740740741,10039.059259259258,9074
5556.454545454545,10733.859932659932,9075
5542.168711656442,10772.684049079757,9079
5559.421180274859,9557.98464025869,9083
5553.4,8424.477931034482,9087
5544.682263329706,8665.525571273123,9088
5551.257432922407,9038.774474256708,9089
5552.979310344827,10438.500689655171,9101
5553.451228592703,12052.962769918096,9102
5555.975032851511,11764.331143232588,9106
5554.618532818533,8322.572200772202,9112
5565.267116182573,8378.404564315353,9113
5553.02625,8955.36625,9119
5561.287332646756,8710.6745623069,9126
5564.902791145332,9761.78729547642,9127
5563.152085452696,11061.52492370295,9128
5561.641325536062,10683.396361273555,9137
5552.191283292978,11126.26392251816,9138
5554.942857142857,7978.172200772201,9143
5559.213160333642,8854.71733086191,9146
5567.76102088167,7626.235112142304,9150
5566.204968944099,9168.818322981366,9151
5560.089399744572,12841.94380587484,9152
5559.694227769111,9726.071762870515,9155
5561.279840848806,8997.559681697612,9162
5572.169354838709,9906.450537634408,9163
5555.624020887729,12958.657963446476,9164
5564.482638888889,8066.605902777777,9165
5566.508357915438,10327.713864306785,9166
5565.195488721804,7672.687969924812,9169
5573.655502392345,10933.924508240298,9170
5569.782784129119,11009.167451244117,9171
5572.847545219638,11360.3165374677,9172
5565.228509249184,12430.122959738846,9173
5566.106103286385,10390.426291079812,9176
5572.188189845475,12189.673841059604,9177
5571.675675675676,8631.407722007722,9183
5568.944550669216,8232.328871892925,9186
5562.954154727794,9076.97994269341,9187
5581.079907353793,11736.929936305733,9210
5564.963503649635,12260.306569343064,9211
5587.622720166753,7906.664408546118,9216
5578.072819644369,9510.249788314988,9217
5577.092247301276,10055.445534838076,9218
5573.165399239544,11502.65969581749,9219
5582.04104477612,9603.75,9223
5576.64375,9638.554166666669,9224
5583.466025641025,11541.411538461538,9225
5580.347328244275,8566.212786259543,9230
5578.036858974359,9863.04326923077,9231
5580.214203894616,13032.329896907217,9236
5588.536454849498,11208.233444816053,9238
5591.082806573957,8469.020227560051,9240
5591.027729636048,10274.172732524552,9244
5580.055641421947,11800.661514683154,9245
5583.071576049552,8010.521679284239,9249
5579.085714285714,12798.07032967033,9250
5582.898886827458,12899.380333951762,9251
5587.76590538336,10794.59461663948,9257
5592.831099195711,11408.39544235925,9258
5582.866666666667,12364.333333333334,9259
5589.717235901509,13071.011119936458,9266
5593.7360060514375,7964.965960665658,9271
5577.926108374384,12983.039408866996,9273
5595.035353535353,8128.971861471861,9274
5579.849557522124,8502.247787610619,9281
5596.264646464647,9321.79191919192,9282
5584.996710526316,8184.924342105263,9284
5589.913580246914,9699.772290809327,9285
5585.5819070904645,11636.938875305625,9286
5584.566831683168,13274.477722772275,9293
5606.58830548926,11911.59307875895,9295
5600.318448023426,12050.96486090776,9296
5587.815384615385,7714.116923076923,9301
5595.775779376499,8066.447242206235,9302
5599.505873140172,8688.174628034456,9308
5595.90231990232,10148.490842490844,9309
5593.991002570694,10407.556555269925,9310
5595.144124168514,11310.314855875831,9311
5596.964769647697,9270.509485094852,9318
5606.394984326019,10654.568652037618,9319
5598.389298892989,11483.212177121772,9320
5611.751269035533,12021.43274111675,9321
5596.208502024291,7770.900809716599,9325
5588.921532846715,8965.945255474453,9326
5600.783524904215,10097.86877394636,9327
5599.52072072072,11277.645045045045,9328
5593.141317365269,13362.22634730539,9329
5596.28990228013,13123.298045602603,9336
5602.133815551537,8090.4231464737795,9338
5592.427419354839,9118.65322580645,9342
5599.198924731183,7827.955197132616,9346
5603.638470451912,8347.296639629201,9347
5602.026385224274,11571.395778364116,9348
5607.331133113311,8399.841584158416,9352
5618.698165137615,8725.955963302753,9353
5600.351165980796,9998.860082304527,9354
5605.013143483023,13212.033953997809,9355
5616.985267034991,8511.386740331493,9361
5609.702644746248,8772.480343102216,9362
5601.329365079365,8866.50925925926,9363
5601.858283433134,9074.467065868264,9364
5601.849624060151,12106.873684210526,9365
5598.01376146789,10211.339449541283,9371
5616.462790697675,9741.982558139534,9381
5605.325791855204,9459.466063348416,9387
5601.434482758621,12391.462068965517,9388
5608.694748358862,12825.016411378556,9389
5614.111014744146,13411.071118820468,9390
5610.416829745597,8609.053816046966,9394
5611.06330749354,9232.375968992248,9395
5612.873303167421,10975.58898944193,9396
5618.086647727273,10722.186079545454,9400
5611.341025641025,12323.320512820514,9401
5613.153417015342,11460.142259414226,9406
5627.505732484076,11860.514012738851,9407
5632.851013110846,8657.200238379022,9408
5623.342857142857,9363.389795918369,9409
5615.818295739348,9654.274436090223,9410
5610.411483253589,8965.062200956938,9413
5621.501165501166,11792.191142191145,9414
5614.094212651413,11978.959623149394,9415
5621.166859791425,12125.958285052144,9416
5616.66905444126,12369.690544412608,9417
5627.021897810219,13327.801355578727,9419
5620.934232715009,9948.338954468803,9421
5630.972873900293,7668.267595307918,9430
5622.976691729324,11598.235338345865,9431
5610.5485436893205,12468.35436893204,9432
5618.850921273031,12285.005025125629,9437
5625.051012145749,8232.125506072874,9447
5619.423076923077,10442.498673740052,9448
5625.087921847247,8174.759325044405,9452
5623.80459770115,10905.542319749216,9453
5632.376927822332,11043.01789019124,9454
5625.089285714285,9403.274234693878,9461
5630.738691049086,12895.27622714148,9462
5627.647203947368,10040.731085526317,9463
5631.804091754495,10774.313081215128,9464
5627.596638655462,11722.088235294115,9465
5637.831826401447,12794.745931283906,9466
5630.025679758308,7767.552870090634,9473
5627.436991869919,7991.632791327913,9474
5625.258100558659,9176.63687150838,9475
5622.598181818182,10829.718181818182,9476
5623.350148367953,9549.551928783383,9478
5636.056974459725,9692.722331368695,9479
5627.348837209303,11691.403100775196,9480
5632.640977443609,8562.607142857143,9482
5634.216197183098,8922.742253521126,9484
5631.836003051106,12983.877955758962,9487
5634.342287694974,9841.479202772964,9488
5622.051724137931,13044.405172413792,9489
5637.462151394422,12404.421314741036,9495
5630.478927203065,13237.367816091954,9496
5629.470414201183,8976.147928994083,9499
5638.792275574113,13366.432150313152,9500
5646.801359516617,8041.93504531722,9503
5634.879177377892,10133.946015424164,9507
5632.271317829457,9445.982558139534,9511
5633.43503649635,10370.369343065691,9512
5646.027938342967,7911.131984585741,9517
5632.1796610169495,9105.996610169492,9518
5634.746124031008,8855.327519379845,9521
5647.966491144088,9602.820966969844,9522
5652.951057401812,8276.123867069486,9535
5638.941031941032,12167.304668304669,9540
5636.85657370518,13272.9203187251,9541
5650.573818181818,11241.98909090909,9543
5639.165745856353,12447.0773480663,9544
5643.074552683896,7602.972166998012,9545
5650.389830508475,11162.203389830507,9546
5653.914165666267,11357.296518607443,9547
5661.177281368821,11633.989543726237,9548
5641.432727272727,12323.37818181818,9549
5654.246392896782,8104.921198668147,9551
5656.840209561231,9285.295350360184,9552
5646.953656770456,12566.079652425778,9553
5636.369565217391,11199.630434782608,9558
5641.450321658327,13114.934238741958,9559
5656.746963562753,7952.60661268556,9564
5650.544202066591,8413.614236509758,9567
5654.262282091918,11781.345483359746,9568
5651.883966244725,7743.263713080169,9573
5651.016091954023,9243.097701149423,9574
5657.752582644628,10204.63791322314,9575
5654.27280334728,12647.117154811716,9576
5661.492913385827,7780.268503937008,9579
5657.69548633185,10648.507310870948,9580
5651.694229112833,10988.229974160207,9581
5656.284016636958,11953.4165181224,9584
5652.565354330709,12278.48188976378,9585
5657.079787234043,8604.778368794327,9589
5660.776306107432,10861.208241353936,9596
5654.408111533587,12082.31051964512,9597
5661.633281972265,9519.627889060092,9599
5653.104904632152,10455.479564032696,9600
5666.296703296704,13449.692994505494,9601
5649.713768115942,9994.75,9607
5662.844142259414,10297.812238493723,9608
5661.462006079028,9345.584599797368,9614
5677.707186544342,8968.837920489297,9615
5664.544022906228,8704.588403722262,9619
5664.7866756393005,10079.0067294751,9620
5660.650097465887,12501.423001949315,9621
5655.766497461929,11298.982233502538,9625
5656.180467091295,13020.891719745225,9626
5658.008955223881,10142.528358208956,9635
5659.121145374449,11473.422907488986,9636
5675.585323238206,10806.737914967967,9640
5663.184782608696,9793.675724637682,9641
5665.199792960662,12444.436853002073,9642
5663.766927083333,7841.48046875,9644
5660.977419354838,13224.38064516129,9645
5664.466321243523,9001.137305699482,9651
5672.38961038961,12952.537878787878,9652
5675.482828282828,7537.476767676768,9657
5666.50879396985,10933.439698492462,9659
5675.067122436296,8199.433188315725,9670
5670.776566757493,12039.66757493188,9673
5683.770202020202,8445.121843434343,9677
5682.926908150064,10748.247736093144,9678
5700.953688745288,11541.95745826602,9679
5675.92243767313,8506.204986149585,9682
5680.071338383838,13328.498106060606,9683
5679.945990180033,10249.166939443536,9689
5678.087542087542,8377.252525252525,9695
5685.324980422866,9109.232576350822,9696
5683.483069977427,12351.349887133185,9697
5681.215957446809,8115.043617021277,9701
5678.969551282052,11875.641025641024,9702
5676.86052631579,12390.113157894735,9703
5681.373170731707,8540.912195121951,9706
5681.781337047354,9038.566852367689,9714
5685.178060413355,9655.445151033386,9716
5678.600558659218,9837.611731843575,9717
5685.390928725702,10375.935205183583,9718
5687.52077294686,11503.351690821257,9719
5694.819237147595,11732.339966832504,9720
5673.548076923077,12625.58653846154,9721
5685.949725776965,8634.982632541134,9726
5686.698907956318,9988.533541341654,9728
5689.889546351084,11419.455621301777,9729
5700.268205128205,11846.865128205129,9731
5692.801192842942,13172.288270377734,9735
5703.504424778761,8788.030973451327,9738
5682.020689655173,9491.903448275862,9739
5684.639225181598,12027.094430992736,9740
5685.369337979094,12087.177700348431,9741
5692.006666666667,12551.122666666666,9744
5692.451086956522,12130.001811594202,9747
5705.042818911686,13145.892060660124,9748
5710.301697045883,10602.37900691389,9753
5684.566265060241,13191.626506024097,9754
5697.3954635108485,9170.712031558183,9759
5696.233380480905,11362.940594059406,9760
5693.173913043478,9877.130434782608,9763
5702.682370820668,12591.984042553191,9764
5694.582338902148,8292.789976133652,9768
5697.855759922556,9228.55179090029,9769
5688.5204081632655,10030.642857142857,9772
5704.53309352518,11265.185611510791,9773
5695.864906832298,11321.787267080745,9774
5692.50354609929,9553.074468085106,9777
5704.653562653562,12250.858312858312,9778
5700.625628140703,7834.785175879397,9779
5707.628762541806,11456.547658862875,9780
5708.860651056539,13413.251284980011,9781
5703.818181818182,7777.244391971664,9785
5693.731481481482,9747.773148148148,9786
5696.699324324324,12188.405405405403,9788
5707.53073286052,11149.46572104019,9792
5702.388329979879,8223.142857142857,9797
5713.723331039229,9403.28974535444,9798
5716.475311720698,13053.623441396508,9799
5708.599402092676,8922.693572496262,9804
5710.740365111562,12990.728870858688,9805
5699.952702702703,7925.530405405405,9809
5708.699203187251,8693.578685258964,9810
5707.773020527859,10173.232258064516,9811
5711.3747870528105,10904.97870528109,9812
5704.272506082725,11620.776155717762,9813
5713.286031042128,11948.288248337029,9816
5707.699558173785,8563.453608247422,9820
5712.369183040331,8132.230610134437,9825
5712.690531177829,8997.584295612009,9826
5719.41037735849,9796.693396226416,9831
5716.971764705882,10657.637647058824,9832
5713.096534653465,12872.418316831683,9833
5719.096473719228,9319.131736526946,9836
5718.951286261631,9662.23754789272,9837
5727.639378969654,10104.136908962597,9838
5715.833665338645,9052.000996015937,9840
5719.544740973312,13106.043956043955,9841
5717.697674418605,7739.094476744186,9845
5723.089765580332,9514.575757575758,9846
5704.65625,9961.671875,9847
5729.038795599306,7701.393167342212,9853
5723.395793499044,7883.748565965583,9854
5712.765072765073,7986.018711018711,9855
5714.5306748466255,7603.368098159509,9858
5721.367802585194,11797.245593419506,9859
5717.158333333334,9453.33125,9863
5716.088235294118,8319.855392156862,9871
5736.9576399394855,11995.787443267776,9874
5721.38737446198,8384.7718794835,9877
5729.14963880289,8253.82456140351,9879
5725.518867924528,10029.22641509434,9880
5717.956175298805,13222.557768924304,9881
5723.6578125,11610.165625,9886
5728.96388261851,12930.9179834462,9887
5728.764646464647,8502.135353535354,9893
5729.260906757912,8890.659538066724,9894
5729.922252010724,9914.675603217158,9895
5726.924623115578,10778.522613065326,9896
5733.792954708842,9580.024442846872,9902
5732.899302093719,12144.179461615156,9903
5741.375722543353,7953.0809248554915,9905
5723.438095238095,8592.547619047618,9906
5733.040307101727,9135.45585412668,9907
5736.707135250266,8547.758253461128,9908
5737.541428571429,9196.425714285717,9909
5735.973350253807,10818.689086294416,9910
5732.060880829015,13464.598445595857,9911
5728.117852975496,8439.55659276546,9916
5733.772426817753,8639.368271954674,9917
5725.935166994106,10711.453831041255,9918
5734.593451568895,10199.545702592088,9925
5737.33588761175,10243.869731800767,9926
5735.52841781874,10388.642089093702,9930
5747.320569902048,7843.139804096171,9933
5733.145708582834,9717.453093812375,9934
5744.512163892446,11306.114596670935,9938
5744.373447204969,8832.537267080745,9944
5740.096280087528,9836.939824945295,9945
5745.6610455311975,11694.491568296797,9946
5736.798181818182,12068.643636363637,9948
5735.062913907284,12429.701986754966,9949
5750.567400275103,13202.563961485555,9950
5749.919594594595,11909.447972972974,9952
5740.955645161291,13162.018817204302,9953
5750.565671641791,8135.816417910448,9959
5755.881536325775,8311.72882924572,9960
5766.201532115498,9336.98055391868,9961
5743.238907849829,10444.968145620023,9962
5752.073952341824,11365.419884963025,9963
5754.170363797693,7472.476486246673,9966
5746.582191780822,11415.52191780822,9967
5744.295336787564,12885.25561312608,9968
5751.802101576182,8936.412434325744,9972
5747.612903225807,9070.764705882351,9973
5745.436392914654,12018.402576489532,9974
5754.552774755169,8987.581066376497,9976
5754.07586763519,9253.786924939468,9977
5755.131088825215,10329.275071633238,9978
5743.9921875,9949.5625,9983
5741.801587301588,9990.063492063491,9984
5757.843191196699,7925.445667125172,9986
5754.120133481646,8366.319243604004,9990
5761.133706467662,10157.060323383084,9991
5758.606451612904,12344.49330024814,9992
5748.0123456790125,11850.610229276896,9993
5758.434416365824,13135.529482551145,9994
5774.488372093023,7810.074197120709,9997
5759.062686567164,7753.820895522388,10000
5755.936316695353,7987.61273666093,10004
5756.766459627329,8788.360248447205,10005
5763.318987341772,12610.787341772151,10006
5772.233660130719,12407.749183006536,10013
5762.454280155642,7672.45719844358,10015
5765.476883561644,8698.660102739726,10016
5752.552631578948,11103.320175438595,10017
5759.582608695652,10634.653913043478,10021
5756.827439886846,12987.687411598305,10022
5766.372549019608,10782.77183600713,10027
5763.090206185567,11630.24355670103,10030
5767.526958290946,8746.676500508647,10035
5775.067772170151,11522.1204037491,10038
5780.592698231603,12147.202509982886,10039
5777.685258964143,10060.98406374502,10043
5774.465049104564,10708.190641247833,10049
5768.368852459016,11192.339344262296,10050
5779.282129742962,12212.01652386781,10052
5771.8442330558855,8067.085612366231,10055
5787.920785804817,8250.557667934094,10056
5764.360887096775,9659.92741935484,10057
5775.544065804936,8545.25499412456,10060
5765.074626865671,12949.649253731342,10061
5776.035772357724,7724.973983739837,10067
5777.204654346338,8194.51676933607,10068
5779.0088321884205,8498.622178606476,10069
5773.387351778656,8894.950592885376,10070
5776.238884045336,13412.691368788142,10071
5771.372943327239,8030.650822669104,10076
5775.177727784027,10218.404949381327,10077
5777.785245901639,10397.944262295085,10078
5771.165991902834,12585.467611336033,10079
5773.5686567164175,8571.061194029851,10083
5785.314875135722,13342.308360477742,10084
5786.336104513064,7895.190617577197,10087
5783.152346130409,8442.817794028031,10091
5785.233046800382,9913.60124164279,10092
5777.80229226361,10755.002865329512,10093
5786.295266716755,11320.586776859504,10097
5775.030354131534,12513.64418212479,10098
5775.816513761468,8616.825688073395,10103
5793.508423811307,11840.641332834144,10105
5776.733333333334,8393.592592592593,10109
5787.48679245283,11943.363018867924,10110
5790.8050139275765,12084.585422469823,10111
5793.506077348066,9977.27679558011,10116
5781.888392857143,10106.073660714286,10118
5783.443312101911,10269.207643312102,10123
5790.232432432433,10451.842471042472,10124
5787.289145052834,9719.726224783864,10126
5783.713740458015,13472.928753180662,10133
5789.341222879684,7672.090729783037,10138
5799.01726844584,8663.198587127159,10144
5792.77861952862,11422.425084175084,10145
5792.872860635697,9865.5097799511,10149
5801.100111234705,10019.65406006674,10150
5796.952764358562,11235.36070853462,10151
5795.02657004831,11682.942028985508,10152
5800.014348785872,11767.479028697571,10153
5783.852813852814,12655.225108225108,10154
5797.802213001383,7948.325726141079,10157
5787.188636363637,8829.5,10158
5790.765432098766,9098.231040564377,10163
5788.273148148148,9573.763888888889,10164
5785.018867924528,13176.666666666666,10167
5798.834937083641,12986.680236861584,10169
5799.53641025641,13122.809230769231,10171
5812.299053887289,8089.552447552447,10174
5800.541071428572,11560.039285714283,10175
5797.517887563884,13191.902896081772,10176
5798.841907151819,7508.575909661229,10179
5802.609154929577,9429.917840375589,10188
5808.380338436745,8964.946817082997,10194
5807.173594132029,11606.115729421354,10195
5799.768691588785,8866.577102803738,10197
5804.901453957997,11478.397415185784,10198
5806.8831437435365,8624.718717683558,10201
5811.843992248062,10317.77519379845,10203
5813.276611694153,8285.305097451273,10211
5800.900621118012,9038.925465838509,10214
5810.996990972919,9646.349047141424,10215
5807.232594936709,10163.737341772152,10216
5809.3805436337625,12923.7339055794,10220
5803.557894736842,7794.021052631579,10224
5810.630952380952,11656.73015873016,10225
5824.365313653137,12184.750922509224,10226
5819.19,8018.762142857143,10229
5819.193370165746,9245.479742173113,10230
5808.4741144414165,9747.438692098092,10231
5812.974937343359,9771.636591478697,10232
5818.252271139064,10929.19426974144,10233
5822.368265245707,11175.280639431616,10234
5821.9720028715,13032.042354630294,10235
5826.080823293173,12338.16014056225,10241
5819.2724609375,10090.302734375,10242
5816.176325524045,10868.251541307029,10243
5814.532362459547,12609.122977346278,10244
5814.968468468468,8536.86036036036,10249
5814.979683972912,8573.024830699775,10250
5824.239687848383,7707.994425863991,10255
5830.571984435797,8495.865110246434,10257
5821.1336353340885,12547.55832389581,10258
5822.571189279732,13464.20770519263,10264
5822.3974609375,8784.4921875,10268
5820.1257995735605,12490.840085287846,10270
5826.363256784969,13241.461377870564,10271
5832.745253164557,13407.785601265825,10272
5826.242709313265,8196.631232361242,10277
5820.929460580913,9195.751037344398,10278
5830.341192787795,10743.518723994452,10279
5832.595848595849,11007.478632478633,10280
5828.254117647059,7676.268235294117,10288
5830.075531914894,10050.198936170213,10289
5838.333881578948,7748.390625,10292
5830.081460674157,13135.046348314609,10293
5831.694444444444,13345.051169590644,10294
5829.715545755237,9934.375964718853,10296
5831.734660033168,10240.95688225539,10297
5829.388012618297,7627.884858044164,10299
5820.126436781609,10285,10300
5827,11296.33,10301
5836.378353376504,11391.081406105455,10302
5835.336458333333,7476.227083333333,10305
5830.153963414634,10190.352134146342,10306
5840.42146450531,8875.980994969257,10310
5833.719887955183,9026.136321195145,10311
5831.963286713287,11510.954545454546,10315
5831.640532544378,10127.275147928996,10318
5834.5337423312885,10269.955010224949,10319
5855.27385620915,8458.378431372548,10324
5840.418569254186,7817.69101978691,10327
5845.067243035543,12455.288664745438,10328
5844.542392566783,13224.506387921025,10331
5834.755494505494,9578.945054945056,10335
5845.275917065391,8328.072567783094,10342
5836.800838574423,12966.584905660377,10343
5835.38,12991.83,10344
5843.958239277652,11584.56546275395,10348
5853.633865814696,13190.280511182107,10349
5854.021967526265,8261.474212034384,10351
5851.523094688222,9504.800230946885,10352
5840.473684210527,11722.757894736842,10353
5856.7254143646405,13077.909944751382,10354
5846.399075500771,10597.4437596302,10358
5848.074250681199,10835.613760217984,10359
5850.11030176899,12149.25494276795,10360
5849.123867069487,10451.209466263846,10364
5841.164179104478,10626.76119402985,10365
5852.226049515608,13148.033369214209,10369
5844.382692307692,8120.763461538461,10372
5847.90041493776,8610.441217150761,10373
5843.643274853801,10295.83918128655,10374
5854.874851720047,11444.334519572954,10375
5853.753979739508,11237.463096960926,10378
5849.731682146543,9804.09391124871,10384
5840.383333333333,9991.444444444443,10385
5857.210826210826,8660.712962962964,10388
5855.797281993205,7655.194790486977,10390
5863.689834515367,9084.28037825059,10391
5848.495559502664,11981.532859680285,10392
5851.299328859061,8147.593288590604,10393
5845.911877394636,8821.23754789272,10394
5858.583168316832,10904.71386138614,10395
5855.523523523523,11670.387387387387,10396
5849.849173553719,13449.578512396694,10397
5871.915919282511,7873.600149476831,10399
5859.852090032155,10375.459003215434,10400
5853.1783783783785,8410.772972972973,10402
5857.2914622178605,12057.714425907752,10403
5857.159907300116,9713.609501738125,10405
5863.212048192771,9867.077108433736,10406
5870.508544087492,12872.853725222149,10410
5864.806771745476,8568.899591360187,10414
5869.649339933993,8376.485148514852,10417
5850.171052631579,9175.756578947368,10418
5857.833832335329,9947.84131736527,10419
5859.411494252873,11361.202298850574,10420
5857.742647058823,10088.180147058823,10423
5866.641816143498,12946.329596412555,10424
5863.646067415731,9636.121348314608,10432
5868.8162066940695,8761.583088667057,10438
5861.26833976834,9550.04054054054,10439
5861.573170731707,10954.30216802168,10442
5857.818181818182,11028.65909090909,10443
5863.777777777777,7592.533844189016,10452
5856.0078125,9038.046875,10453
5872.66704288939,11930.689051918736,10454
5870.845836768343,11535.323165704864,10458
5886.137292464879,11876.701149425287,10459
5860.323943661972,10668.197183098591,10465
5861.814070351758,13425.1608040201,10466
5868.591885441528,7695.799522673031,10472
5873.092004381161,8926.95399780942,10473
5875.727091633466,9769.144422310756,10478
5879.010018214936,11716.543715846994,10480
5879.779411764706,7644.753676470588,10482
5880.5610119047615,11093.700892857143,10483
5873.602739726028,10993.071232876711,10485
5874.950819672131,13277.956284153006,10486
5877.448230668414,7935.5504587155965,10488
5880.573969280517,8023.953112368634,10492
5878.795454545455,10216.532085561495,10493
5870.135593220339,11196.677966101695,10497
5876.070692194404,13305.316642120766,10498
5888.412776412776,10707.802825552826,10501
5876.915983606557,10035.795081967211,10503
5884.956637168141,7461.923893805309,10505
5873.6,9215.95,10506
5896.167208546214,10329.289828146771,10507
5893.070588235294,12020.77731092437,10508
5890.347536617843,9993.527962716378,10511
5885.881793478261,8233.976222826086,10516
5875.241463414634,13226.948780487804,10517
5892.6565774156,8518.880675203725,10522
5886.816826411075,9451.95101171459,10523
5881.418604651163,12292.451162790698,10533
5893.675369886858,9000.444734551784,10537
5888.18303030303,9576.898181818182,10538
5894.898452611219,10266.989361702128,10539
5903.542796005706,7628.661911554922,10541
5895.961554192229,8128.879345603272,10542
5888.190255220417,12474.394431554523,10546
5890.97150997151,12513.564102564103,10547
5888.686567164179,13387.223880597016,10548
5898.99837000815,8320.330888345557,10553
5892.809908998989,11008.642062689583,10554
5904.915028901734,12343.931791907517,10555
5892.581430745814,12391.225266362251,10556
5906.903100775194,7736.343853820598,10560
5890.028138528139,10112.926406926406,10561
5888.938547486034,11055.740223463688,10562
5886.537037037037,9186.666666666666,10569
5892.005033557047,9807.81543624161,10570
5891.251612903226,9915.378494623656,10571
5896.580482897384,10425.154929577464,10574
5906.31059602649,8605.943708609271,10580
5900.385597082954,11288.52324521422,10581
5905.385204081633,11410.577380952382,10585
5903.736842105263,8802.780502392345,10594
5897.726449275362,9654.590579710144,10595
5897.734736842105,8897.797894736843,10600
5904.2521109770805,10068.482509047044,10603
5899.975694444444,12244.269097222224,10604
5904.8244853737815,9730.032502708558,10607
5902.059649122807,12444.82807017544,10608
5910.386563876652,12408.04845814978,10611
5901.597826086957,9840.909420289856,10615
5915.173128342246,13021.303475935829,10616
5905.328626444159,8418.279845956355,10617
5911.022687609075,11464.719022687608,10618
5916.364351245085,7791.939711664482,10620
5904.591989987484,13341.021276595744,10621
5904.111747851003,9040.180515759312,10624
5913.397602397602,7980.8351648351645,10628
5906.765704584041,9613.202037351442,10629
5927.306985294118,9959.891084558823,10630
5922.02628032345,7537.897574123989,10633
5919.419471776282,11986.621957534957,10634
5912.301666666666,8343.033333333333,10637
5907.247058823529,9092.276470588236,10638
5907.38770053476,13177.978609625668,10639
5908.16606498195,8949.740072202167,10642
5917.061983471074,11367.444214876034,10643
5920.790927021696,12864.62261669954,10644
5931.555712936733,8276.447592067989,10649
5914.948207171315,10153.915006640107,10650
5910.267477203647,13099.699088145897,10652
5912.69375,12828.44375,10655
5928.214212678937,11553.488752556235,10656
5911.417910447762,13280.227611940298,10657
5927.113422818792,8465.587919463087,10662
5923.927046263345,9507.845195729536,10663
5926.310272536688,11195.667365478686,10664
5926.787461773701,7827.943425076452,10672
5919.728448275862,10581.853448275862,10673
5923.926805143422,10742.958456973294,10674
5920.536013400335,12150.117252931324,10675
5925.23124042879,9229.447166921898,10679
5936.244230769231,9705.390384615384,10680
5925.011363636364,10104.43285123967,10681
5920.884696016771,10211.360587002097,10682
5920.378172588832,10934.926395939086,10683
5917.982608695652,12474.047826086957,10686
5927.18556701031,12517.509278350515,10687
5919.8007380073805,11332.89667896679,10688
5926.831334932054,13236.16147082334,10689
5921.645683453237,8078.748201438849,10692
5923.850152905199,8551.634556574923,10693
5922.31,8697.0875,10694
5943.64069591528,11048.928517397882,10702
5926.109929078014,9899.129432624111,10707
5922.045,11505.255,10713
5927.157284768212,7954.5413907284765,10721
5933.541131105399,8033.922879177378,10722
5923.218867924528,13062.08679245283,10723
5933.829629629629,8914.044444444444,10727
5928.242331288344,10828.01226993865,10728
5928.639798488665,8219.198992443326,10732
5934.930124223602,9480.745341614907,10733
5929.502427184466,9866.633495145632,10734
5941.414112615823,10976.591589451176,10735
5939.690322580645,8142.656304985338,10738
5935.455252918288,8967.655642023346,10742
5940.052452316077,9552.531335149864,10743
5941.9309523809525,10513.935714285712,10744
5939.1205510907,9635.151549942597,10748
5943.383035122598,8370.8535453943,10750
5950.338177014531,8935.997357992073,10751
5925.759493670887,12602.025316455696,10752
5937.043624161074,9014.541946308726,10754
5947.390591589451,10606.303635067712,10755
5943.979567307692,9594.832932692309,10760
5938.89406779661,9182.504237288136,10766
5948.137758743755,11107.379014989294,10767
5943.083950617284,11865.76049382716,10769
5946.668439716312,11947.423758865249,10770
5948.320346320346,9390.337662337664,10774
5943.151548672567,7648.108407079646,10778
5943.623188405797,7887.613965744401,10779
5946.713310580205,9670.149032992036,10780
5944.571812080537,10288.246979865771,10781
5948.66417212348,11236.829747427502,10782
5946.499388004896,9834.89106487148,10787
5941.816666666667,10172.861904761903,10788
5947.275159235669,9281.84203821656,10792
5949.54031510658,10392.642261353103,10793
5940.840172786177,10654.386609071276,10794
5944.106076210092,13085.657054582904,10795
5953.929512006197,12072.625096824167,10799
5953.878186968838,8499.12181303116,10805
5958.251046025104,10020.225343693965,10806
5941.98,10222.21846153846,10807
5955.745869394178,12443.585365853658,10808
5943.215625,12648.978125,10809
5952.065546218488,8793.848739495797,10813
5960.639468690702,9473.551233396583,10814
5947.038387715931,10846.758157389637,10815
5949.54967948718,10069.81891025641,10820
5962.225773195876,7512.70412371134,10823
5954.093309859155,9071.355633802816,10824
5946.677966101695,10877.881355932202,10834
5954.306896551724,11654.106896551724,10835
5950.139158576052,12941.378640776698,10837
5952.435483870968,8191.596774193548,10842
5958.685758513932,8574.366873065015,10843
5959.279527559055,10131.036745406824,10844
5961.377136752137,8070.711538461538,10847
5960.11076923077,12395.418461538462,10848
5961.915803108808,10255.39378238342,10855
5968.938356164384,12720.353673723535,10856
5964.595837897043,9783.537787513693,10865
5960.464615384615,8306.75076923077,10868
5960.544262295082,11293.272131147542,10869
5965.178519593614,8891.188679245282,10871
5961.574209245742,9213.603406326034,10872
5963.816720257235,9324.220257234729,10873
5958.606425702811,10556.698795180722,10874
5971.426204819277,12021.685240963856,10875
5968.260437375746,12580.359840954274,10876
5978.530460624072,8022.036404160475,10882
5967.0011961722485,9430.076555023925,10883
5974.675660792952,10933.795704845816,10884
5958.329787234043,11600.398936170212,10885
5962.03506097561,13023.067073170732,10886
5968.51339608979,12783.028240405503,10889
5971.297474275023,11471.840972871843,10892
5985.78863232682,12118.991119005328,10901
5976.01397515528,12674.175465838509,10902
5967.740845070422,7796.194366197183,10904
5966.019519519519,9121.525525525523,10905
5973.100290697675,12651.72965116279,10907
5969.199288256228,7655.494661921708,10908
5975.211180124224,7572.347826086957,10911
5974.272727272727,8995.880774962741,10916
5968.506976744186,9258.293023255814,10917
5978.368068833652,10201.62810707457,10918
5975.387426900585,10802.469298245614,10919
5978.55,10999.716279069768,10920
5975.226600985222,7590.256157635468,10928
5965.936363636363,9050.354545454546,10929
5965.5375,9724.1,10930
5973.963800904978,10638.22850678733,10931
5976.514619883041,7616.274853801169,10934
5971.971830985915,11159.307042253522,10939
5974.861842105263,12971.23552631579,10940
5983.792604501608,8232.923633440514,10942
5983.768031189084,10094.980506822612,10943
5988.768629807692,8514.98798076923,10950
5987.457593688363,11580.817882971727,10951
5979.749103942652,11864.005376344086,10952
5983.064968152867,11926.312101910828,10953
5973.621428571429,10168.164285714283,10960
5988.224224945927,10321.95890410959,10961
5990.504975124378,11518.072139303482,10962
5971.2,7676.472727272727,10965
5983.433147632312,9171.378830083566,10966
5973.696774193549,12532.68387096774,10967
5984.872318692544,8850.678243105209,10970
5985.189349112426,9811.426035502958,10971
5978.253333333333,9586.537777777778,10972
5983.918169209432,9865.987517337033,10973
5985.614906832298,12360.12298136646,10974
5987.379533678756,8952.68652849741,10975
5992.12365975697,8390.517512508935,10976
5986.748743718593,9072.477386934674,10978
5987.431432973806,9529.913713405238,10979
6004.2288196958725,10723.779869659667,10980
5998.630776560267,7946.897570271558,10984
5995.746255506608,8760.952422907489,10985
5986.211267605634,11390.452464788732,10986
5997.884750527055,8159.426563598033,10990
5997.166666666667,9955.499333333331,10991
5983.339449541284,12236.834862385322,10992
5998.295639320029,12305.484848484848,10993
5997.899465240642,11308.683422459892,10996
5991.74430641822,12824.483436853005,10997
5987.1547619047615,9476.699404761905,11000
5988.592760180995,9666.052036199097,11001
5995.608775137112,8805.720292504571,11005
5990.654838709677,7478.406451612903,11009
5998.91928251121,7786.970104633781,11010
5998.750993377484,10620.743046357617,11011
5990.57928802589,10826.42718446602,11012
5995.291666666667,9365.405555555555,11023
6005.137110726643,11054.190743944637,11024
5997.799311926606,9143.5126146789,11028
5996.009009009009,7683.879279279279,11029
6008.374381528312,8334.165475536009,11030
6003.995840266223,9224.365224625624,11031
5992.295698924731,9844.44623655914,11032
6004.391462306994,12479.88374205268,11033
6016.525811601916,8996.697179350718,11043
6003.294559099437,9619.616322701688,11044
5993.664948453608,8106.798969072165,11046
6006.942528735633,11813.822177146722,11047
5995.783673469387,9267.55918367347,11051
6007.325665859564,9914.437046004845,11054
6015.1005291005295,9996.364197530864,11055
6005.205070842655,12611.676360924685,11060
6013.691068814056,10588.527818448025,11067
6016.917211328976,10964.690631808278,11069
6010.250673854447,11201.72911051213,11070
6005.669505962522,12784.787052810903,11073
6011.876254180602,7864.722408026756,11077
6019.020642201835,7518.967889908256,11093
6018.943198804185,7981.937219730941,11094
6031.102147039688,8418.023422251139,11095
6013.281481481482,8887.502222222221,11096
6020.113839285715,9415.239583333334,11097
6018.465408805031,10538.483018867924,11098
6016.929046563193,10854.538802660754,11099
6022.707159624413,12557.1161971831,11100
6015.5625,12741.266203703704,11101
6025.815438596491,9587.66807017544,11105
6010.319444444444,10200.130555555555,11106
6019.086538461538,12394.705528846154,11107
6013.491228070176,9525.469298245614,11113
6024.156310679612,10461.650485436894,11114
6018.90562248996,10653.670682730924,11115
6030.113490364026,7496.119914346895,11118
6021.440776699029,7546.879611650485,11125
6014.520179372197,12034.094170403589,11126
6039.600515463918,7676.220360824742,11134
6024.634577603143,9817.87622789784,11135
6031.662807525326,10242.33936324168,11136
6026.081300813008,8029.738482384824,11141
6030.884950610111,8937.878558977338,11142
6026.813459268004,9693.33412042503,11143
6031.93536121673,11756.31330798479,11144
6018.023364485981,12097.957943925234,11145
6030.159857904086,7571.767317939609,11148
6035.513392857143,9863.775793650791,11149
6033.161645848641,12319.90742101396,11150
6042.10267111853,11170.198664440735,11154
6030.088235294118,8734.800202839757,11157
6042.38868159204,9312.179104477613,11158
6025.801169590643,10813.761695906433,11159
6029.180104712042,12689.694240837696,11160
6029.309963099631,8205.349323493236,11162
6033.7063882063885,7844.905405405405,11166
6029.170212765957,12219.456737588653,11167
6037.735294117647,7908.236519607844,11171
6034.896610169491,8101.34406779661,11172
6033.583932853717,8538.618705035971,11173
6032.190412782956,8783.23568575233,11183
6032.566964285715,10283.514880952382,11184
6047.128830874007,8369.162315550511,11189
6036.5331010452965,9271.123112659698,11194
6035.521438450899,10145.51867219917,11197
6044.344827586207,10429.296551724135,11198
6038.792803970224,10493.45905707196,11199
6054.907928388747,11939.908567774935,11201
6049.439189189189,11695.114864864863,11205
6040.375262054507,11577.69392033543,11213
6044.489361702128,8252.779833487511,11221
6048.127331711274,11466.57502027575,11222
6047.850607576841,11532.417441029307,11223
6046.248520710059,11990.439053254438,11224
6045.453558504222,12055.400482509049,11225
6038.640677966102,8823.996610169492,11227
6037.883408071749,9092.896860986548,11229
6041.51282051282,8002.374753451677,11233
6039.855555555556,8592.214814814815,11234
6048.865291262136,9550.989077669905,11235
6045.487767584098,10194.10244648318,11236
6056.347797927461,10625.249352331606,11237
6054.296547054841,10987.54163845633,11238
6051.147368421052,11655.368421052632,11239
6045.841463414634,9500.573170731708,11242
6048.470072992701,8486.737226277372,11248
6051.4140969163,8310.106828193833,11254
6053.859664607237,9019.126213592232,11255
6039.611111111111,9126.62037037037,11256
6041.677725118483,10657.14691943128,11257
6048.131645569621,9232.643037974683,11261
6053.516642547033,9950.758321273515,11263
6050.081593927894,12620.70018975332,11264
6055.789523809523,8061.153333333334,11271
6062.400963275136,12110.558097531608,11272
6053.39928057554,8862.034772182255,11277
6049.931279620853,9382.023696682463,11278
6048.228758169935,12518.48366013072,11279
6053.274047186933,10742.468239564429,11282
6052.428870292887,7724.163179916318,11285
6057.271739130435,10933.44806763285,11290
6069.578389830508,12310.27966101695,11291
6068.333754740835,11035.587231352718,11299
6058.731257208766,11857.235294117649,11300
6066.177315147164,8719.692749461594,11307
6056.077669902913,9629.08495145631,11308
6052.023364485981,9925.41121495327,11309
6049.62962962963,10686.962962962964,11314
6066.942289498581,11815.385052034058,11315
6062.13488372093,7645.716279069768,11321
6057.166666666667,9599.211111111112,11324
6058.019607843137,12406.494553376906,11330
6063.593406593406,7590.336996336996,11334
6066.4820457018495,7942.926006528835,11341
6062.753199268738,12457.115173674589,11346
6070.837209302325,7836.105426356589,11349
6063.658031088083,12268.165803108808,11353
6078.029766123317,9270.646350106308,11356
6074.7431640625,10303.2548828125,11357
6071.19770773639,8794.547277936963,11363
6071.282552083333,9202.903645833334,11364
6074.19882179676,7788.298969072165,11367
6073.835926449788,10160.066478076378,11368
6083.269277845778,9707.85312117503,11371
6070.977663230241,10539.893470790375,11375
6081.390776699029,8897.913430420713,11378
6077.5622188905545,8134.728635682159,11381
6081.650845253576,9063.77178153446,11386
6077.880067567568,9351.04222972973,11387
6073.901763224181,8682.405541561713,11389
6081.141356255969,10364.648519579752,11390
6074.404530744337,10893.323624595469,11391
6086.688679245283,12236.525943396226,11394
6076.31,7746.615,11398
6077.072559366755,10109.295514511874,11399
6092.955071477196,8226.586113002042,11405
6089.337034617897,12167.387328543437,11406
6075.081318681318,12516.573626373627,11407
6081.053613053613,9912.993006993009,11412
6097.2444444444445,11067.28806584362,11416
6087.984881209503,8473.659827213824,11421
6079.739776951673,10437.936802973978,11422
6087.157024793389,10466.535812672177,11429
6080.649305555556,11712.649305555557,11430
6087.489736070381,10039.722873900291,11436
6092.300204918033,10859.949795081968,11437
6097.0110497237565,9398.82817679558,11442
6082.049853372434,9574.929618768329,11443
6083.637614678899,12477.669724770642,11444
6090.418657565415,12044.312855517634,11446
6095.1612903225805,8947.150537634408,11450
6095.541401273886,10231.407643312104,11451
6096.084860173578,11782.64030858245,11452
6096.49494949495,11119.69494949495,11456
6098.992583436341,12348.39369592089,11457
6092.643055555555,9668.37638888889,11459
6095.628035320088,10915.551876379692,11460
6103.326831839747,8517.32525039536,11464
6086.75478927203,8657.854406130267,11465
6090.843434343435,7673.032828282829,11469
6089.181818181818,8362.41090909091,11470
6083.93670886076,9606.987341772152,11471
6091.402193784278,9886.48080438757,11472
6091.788401253919,9949.879310344828,11473
6097.513877874702,10804.342585249802,11474
6102.134404057481,11406.506339814032,11475
6098.113043478261,11512.129468599034,11476
6096.579710144928,11554.034255599472,11477
6099.35499207607,7706.949286846276,11483
6090.608540925267,9459.654804270464,11484
6088.962264150943,7771.235849056604,11489
6095.22090729783,10534.315581854044,11490
6098.447107438016,11458.835537190083,11491
6093.145454545454,7590.504545454545,11494
6095.892694063927,7809.262557077625,11498
6099.317073170731,8287.344512195123,11499
6101.4047131147545,11632.152663934428,11507
6107.446826051113,11738.82275350371,11508
6099.064935064935,12284.922077922078,11520
6114.376190476191,8849.403571428571,11526
6105.315132605304,10181.39937597504,11528
6113.521072796935,7646.458492975735,11534
6100.685064935065,8045.931818181818,11535
6114.576153846154,8417.43,11536
6120.857597816196,9809.824385805276,11537
6105.606299212598,8092.6594488188975,11539
6099.931707317073,9157.50731707317,11540
6100.24,8574.045714285714,11543
6109.10072689512,12407.483904465213,11544
6109.447457627119,7983.669491525424,11546
6126.682,8214.776,11547
6111.933189655172,8671.900862068966,11548
6123.147263681592,7540.4597014925375,11553
6116.635327635328,10949.02564102564,11554
6122.870466321244,11987.816925734023,11563
6110.0625,7571.5078125,11568
6112.9375,9510.8984375,11569
6112.426332288402,8770.811912225705,11572
6122.36335209506,9449.696060037524,11573
6121.221962616823,9720.866822429907,11580
6109.211340206186,11852.03350515464,11581
6115.077605321508,9022.303769401333,11588
6113.819168173599,10997.01808318264,11589
6113.449101796407,8875.865269461077,11600
6113.308357348703,10431.942363112392,11601
6124.741766467066,11685.884730538924,11607
6125.763285024154,12067.865539452496,11608
6127.746391752577,10772.955670103092,11616
6122.207185628742,9564.71017964072,11618
6130.825556733828,8334.4835630965,11622
6120.728489483748,11897.732313575523,11623
6124.629032258064,7735.620967741936,11628
6130.91146190803,9958.344543582703,11632
6128.513861386138,10279.257425742577,11633
6131.918559122944,8261.878621769773,11634
6130.414708886619,10507.967313585292,11635
6126.287153652393,7797.647355163728,11638
6128.664853101197,8120.290533188248,11639
6129.72503617945,9271.358900144718,11640
6125.0019305019305,8023.299227799228,11645
6127.4455611390285,8176.276381909548,11646
6129.7837150127225,9079.516539440205,11648
6130.280150753769,10029.386934673366,11649
6137.510026155187,10706.11508282476,11650
6136.230531996916,8547.64764841943,11651
6135.264522821577,8624.28112033195,11652
6129.357651245552,11090.85231316726,11653
6127.247191011236,7597.12734082397,11659
6135.922234392114,9658.67469879518,11660
6131.179245283019,10478.044025157233,11661
6133.0438292964245,10551.479815455594,11662
6142.199892530897,10080.923159591615,11665
6148.0402414486925,11353.879946344736,11670
6128.538461538462,11769.017094017094,11671
6137.059837728195,11798.61967545639,11672
6139.629464285715,8820.01875,11678
6146.964397905759,9356.701570680629,11687
6155.822866344605,11848.1486849168,11688
6141.307277628032,12303.37915543576,11692
6141.367936925099,10998.862023653088,11698
6148.313862249346,12215.08631211857,11706
6143.8184,11534.3568,11710
6144.510303030304,11486.069090909092,11711
6148.9123505976095,10815.25498007968,11721
6149.878828229028,11939.977363515312,11722
6150.918944392083,9158.514608859568,11729
6139.785714285715,9536.7012987013,11737
6167.583262531861,9747.243840271878,11750
6153.376421304608,12146.915020945542,11751
6152.596059113301,10141.486453201973,11754
6147.877598152425,10615.311778290994,11755
6156.935513169846,11071.094459582198,11756
6151.834813499112,9123.92539964476,11761
6154.5020689655175,9686.928275862068,11762
6153.978912319645,11414.903440621532,11763
6154.862781954887,8755.222744360903,11766
6159.967741935484,8870.708944281525,11767
6154.811518324607,9193.505235602095,11771
6150.169491525424,7809.806295399516,11776
6155.165492957746,8673.507922535211,11777
6153.379518072289,11035.140562248997,11778
6161.462138953943,9232.397345823576,11782
6164.208121827412,7698.177664974619,11787
6156.605084745763,7755.445762711864,11788
6156.959232613909,8111.464028776978,11789
6157.606493506493,10674.341558441558,11790
6153.2056737588655,10957.58510638298,11801
6164.762751159196,11630.299845440495,11802
6161.043095004897,10908.741429970618,11806
6172.904577691812,9896.039329464862,11813
6167.375812743823,7637.996098829649,11817
6167.317037037037,11456.294814814815,11818
6164.964387464387,7590.371794871795,11824
6168.919966301601,11736.284751474304,11825
6173.815750371471,10582.08618127786,11831
6159.702439024391,7856.243902439024,11834
6164.652173913043,10164.353623188406,11836
6171.451292246521,9476.530815109343,11839
6171.476623376623,9978.157142857142,11840
6165.916512059369,10200.504638218925,11841
6174.817307692308,9555.518162393162,11850
6172.213414634146,9933.585365853658,11860
6171.140086206897,8518.469827586207,11863
6171.574948665298,11565.40657084189,11864
6176.0114942528735,12005.154022988503,11865
6174.210106382979,8304.52659574468,11880
6177.100619195046,9606.311145510836,11881
6175.46875,10282.924107142857,11882
6178.542713567839,7730.849246231156,11884
6172.6430976430975,8276.316498316499,11885
6169.925619834711,10532.0826446281,11886
6175.84705882353,7910.077647058823,11893
6177.487903225807,8431.405241935483,11894
6177.311688311688,9406.144712430429,11895
6182.532338308458,8191.715422885572,11901
6180.210039630118,8228.169088507266,11902
6177.973333333333,8145.962222222222,11905
6189.450226244344,10478.165912518854,11909
6188.58347245409,11510.596828046744,11910
6188.685302073941,8827.347159603247,11923
6176.931297709924,7942.366412213741,11926
6186.218300653595,9264.402614379083,11927
6208.226700251889,11290.795465994965,11928
6193.816031537451,7853.784494086728,11934
6183.205128205128,7885.0952380952385,11935
6185.86525974026,10106.693181818182,11936
6188.3035066505445,10940.985489721888,11937
6190.918108419839,9357.191464821222,11938
6188.987542468856,8599.659116647792,11943
6186.42,9306.99375,11944
6204.202881152461,7625.990396158463,11950
6192.367491166077,10699.773851590106,11951
6188.870870870871,11042.312312312311,11952
6205.038294168842,7781.526544821584,11956
6198.157244964263,8658.77452891488,11959
6194.688796680498,10249.170124481328,11960
6185.264957264957,8283.940170940172,11970
6200.032664489034,11657.069995333644,11971
6188.443526170799,7551.785123966943,11978
6196.341573033708,7597.076404494382,11979
6201.461538461538,8771.81903707803,11980
6195.952443857332,9684.405548216644,11983
6202.789333333333,8541.053333333333,11990
6197.903010033445,10007.464882943144,11991
6196.534810126583,10976.006329113923,11992
6199.602088167054,10051.032482598608,11997
6200.025669642857,10145.23325892857,11998
6204.019716088328,8712.658517350157,12009
6210.021082220661,10659.231904427266,12015
6201.7722054380665,11951.995166163142,12022
6207.339923954372,11583.91711026616,12027
6214.496676163343,7839.785375118708,12029
6208.03996003996,9494.302697302695,12035
6205.365510777882,8031.539831302718,12039
6208.829139072847,8213.092715231787,12040
6202.350974930362,10184.041782729804,12041
6202.880773361976,11834.657357679916,12042
6208.533333333334,9926.253594771242,12049
6216.7824010914055,9811.347885402456,12053
6217.461267605634,10320.084507042253,12057
6208.143654114366,9306.02649930265,12068
6204.689497716895,10801.648401826484,12069
6203.021052631579,10856.55789473684,12072
6218.289825282631,9388.447070914695,12075
6217.713227513227,9442.72380952381,12082
6225.166112956811,9714.035215946844,12088
6218.374570446736,10897.707903780069,12089
6221.705501618123,7920.140237324704,12093
6224.035928143712,9976.594810379242,12101
6226.285358255452,10522.96199376947,12102
6213.902877697842,11734.575539568345,12103
6220.524613220816,10746.789029535865,12112
6225.773026315789,9528.883771929824,12117
6230.110518292683,11030.392530487805,12118
6218.607407407408,7755.355555555556,12121
6221.206896551724,8447.55716878403,12122
6224.2823061630215,7988.598409542744,12131
6232.683754512636,8176.984115523465,12132
6239.351809083911,10949.795227097768,12133
6225.069333333333,11690.870666666666,12134
6229.44397641112,8066.293176074137,12137
6233.789261744966,9997.538255033556,12138
6224.772222222222,10024.929629629629,12139
6232.692307692308,10116.791435368756,12140
6229.184121621622,8559.839527027027,12142
6229.15644820296,11463.168076109936,12144
6235.191873589165,7676.151241534989,12149
6234.842668863262,10448.359143327842,12150
6229.071515151515,10706.248484848486,12162
6231.522827687776,9660.460972017672,12167
6235.786666666667,7884.371428571429,12176
6246.661240310077,11394.948837209302,12177
6235.575757575758,7783.741046831956,12185
6242.159557661928,8832.977093206951,12186
6243.445030782762,10169.681618293756,12191
6250.292428198433,10411.720626631854,12199
6251.827060020346,7752.376398779247,12208
6236.389261744967,8132.879194630873,12209
6236.528834355829,11819.006134969326,12212
6241.966917293233,8355.992481203008,12216
6247.440936863543,10988.720977596742,12218
6250.684124386252,11273.096563011455,12227
6241.99560117302,11766.218475073314,12228
6252.892116182573,8515.262102351315,12233
6252.57337151038,8780.905511811023,12236
6244.105263157895,8222.405263157894,12242
6255.256936067552,10836.948130277442,12247
6257.686781609195,10915.108477011494,12248
6256.75173370319,10868.348127600557,12258
6252.164689462666,8689.10327983252,12267
6254.943556975506,9462.928647497338,12269
6261.3095512082855,10063.834292289988,12270
6252.865420560747,10791.104672897196,12271
6251.488721804511,11549.057644110277,12275
6258.59375,7644.165625,12285
6252.549090909091,8427.021818181818,12296
6260.222680412371,8610.315463917526,12311
6267.958228485153,10646.743331655762,12313
6262.805592543275,7842.311584553928,12319
6256.992167101827,11721.699738903397,12320
6264.04274611399,9571.62176165803,12324
6266.055735056543,11438.889337641356,12325
6270.88202247191,8134.181380417335,12333
6268.593406593406,9616.021978021978,12341
6269.6689265536725,9822.873446327683,12342
6265.262903225806,9881.917741935484,12343
6265.402889245586,8390.52808988764,12346
6273.642857142857,10759.68703976436,12347
6271.1712962962965,8247.391666666666,12358
6271.469603524229,11361.55154185022,12359
6267.7263313609465,11789.298816568047,12362
6270.73126142596,10014.166361974409,12364
6274.723270440251,10492.971698113208,12365
6270.790235081375,9670.001808318264,12373
6276.018587360595,8101.596654275093,12377
6278.348420153715,9952.191289496155,12378
6269.910891089109,8297.767326732674,12384
6279.476125511596,8477.31241473397,12402
6280.55985267035,7801.244935543278,12410
6279.877118644068,11646.81779661017,12412
6287.414092140922,9768.916531165312,12414
6285.222222222223,7925.923317683881,12422
6278.15221987315,8071.602536997886,12423
6282.789772727273,10158.486363636364,12428
6280.416184971098,10326.673410404625,12429
6286.94800371402,10539.207056638812,12430
6299.969957081545,7720.436337625179,12447
6280.368715083799,7892.525139664805,12453
6297.568767908309,8743.614613180516,12454
6303.449541284404,10688.062181447502,12455
6297.66092475068,10787.69990933817,12456
6293.050632911392,7742.5768535262205,12470
6291.753779697624,8543.020518358531,12471
6292.617782909931,10395.748267898383,12472
6285.635568513119,8166.935860058309,12479
6297.620401337793,10976.745819397993,12481
6309.903846153846,7635.943509615385,12485
6290.249586776859,11481.444628099174,12487
6309.7420494699645,7703.871024734983,12496
6292.314121037464,7844.002881844381,12497
6291.548672566371,10223.966814159292,12502
6294.620192307692,10117.79326923077,12505
6297.824228028504,11608.814726840856,12506
6302.493006993007,10722.487762237764,12510
6295.274590163935,8200.795081967213,12517
6302.652097902098,8694.793706293707,12518
6302.046306504962,10355.07276736494,12519
6301.666034155598,11393.15559772296,12523
6300.274428274428,11416.16632016632,12532
6301.539823008849,9681.17168141593,12543
6314.422875816994,11297.496078431372,12558
6320.321594068582,11229.479147358665,12559
6302.0863723608445,7963.2245681381955,12562
6308.175287356322,9958.448275862069,12563
6309.586666666667,10860.672888888888,12564
6313.661339421614,10465.364535768646,12568
6312.53288490284,11536.112855007474,12569
6306.323204419889,8037.685082872928,12578
6315.618364418939,8154.553802008609,12592
6317.612347451543,10056.686288585786,12594
6312.765793528505,8303.818181818182,12598
6313.56330749354,9853.271317829458,12599
6311.607920792079,9904.782178217822,12600
6312.258064516129,8062.208211143695,12602
6323.528985507246,10817.773188405798,12603
6327.700966850829,10187.03729281768,12609
6320.555758683729,8271.718464351006,12614
6320.232142857143,8013.720779220779,12617
6323.588235294118,11050.725968436154,12619
6314.526946107784,9813.994011976049,12623
6319.079225352113,10289.125,12624
6324.073938506589,11356.721815519766,12625
6314.247933884298,8129.206611570248,12633
6324.9073684210525,10897.436842105262,12635
6325.931840311587,7794.232716650438,12644
6321.13468013468,7688.417508417508,12648
6321.6311787072245,7893.368821292775,12666
6341.905829596412,8495.786995515695,12667
6332.008496732026,8633.570588235294,12668
6331.240994854203,10539.460548885078,12669
6334.074468085107,10943.226443768996,12670
6335.023321956769,8239.744027303754,12674
6328.930449533503,9756.703986429176,12675
6324.655246252677,10138.858672376871,12676
6323.663956639566,10578.132791327913,12677
6335.26083032491,10633.408844765345,12678
6325.722338204593,8179.043841336117,12687
6325.529914529914,9705.393162393162,12688
6332.019834710743,10102.990082644628,12700
6336.286652078775,7761.382932166301,12705
6335.173983739837,8048.69430894309,12708
6339.045787545788,7854.130036630037,12723
6338.014265335235,9883.54065620542,12724
6339.586497890296,7964.62552742616,12732
6344.407124681934,8207.356234096693,12733
6352.640904311252,8559.263406940063,12741
6363.242486338798,8768.789617486338,12761
6345.211699164345,10862.119777158774,12762
6345.946188340808,11490.2466367713,12763
6342.583541147133,9801.032418952618,12779
6343.994575045208,11028.858951175407,12780
6340.607407407408,11401.648148148148,12781
6348.45251396648,8679.807262569833,12789
6350.02333722287,10731.899649941655,12790
6356.016585365854,8717.401951219512,12794
6357.127777777778,7694.401388888888,12804
6351.424332344213,7890.905044510386,12805
6347.476190476191,9849.687830687832,12812
6359.194616977225,10693.228778467908,12817
6352.990740740741,10657.280092592591,12822
6371.963092269327,10981.46433915212,12825
6359.05684754522,8157.454780361757,12832
6366.287878787879,8332.484006734006,12833
6360.267123287671,10125.569634703195,12834
6357.825112107624,7671.04932735426,12841
6354.510729613734,7916.781115879829,12842
6357.3975,8088.7925,12843
6355.0375,10309.7875,12848
6375.568886629385,10778.700559227247,12849
6357.2531645569625,11408.025316455696,12852
6371.068235294118,8200.76,12860
6369.976613657624,11295.966323666978,12861
6368.682148040639,7636.201741654572,12880
6370.632763276328,10045.27092709271,12882
6364.3057471264365,7985.16091954023,12898
6369.989720998532,9840.923641703375,12903
6370.926896551724,9998.180689655172,12904
6372.0125,10886.81111111111,12905
6367.5609756097565,8125.176829268293,12913
6367.532863849765,11347.988262910798,12918
6372.336448598131,9888.241655540722,12922
6378.812244897959,8036.208163265306,12930
6374.616883116883,10162.8262987013,12932
6383.158805031447,8475.761006289309,12945
6384.390088945363,7868.766200762388,12960
6378.932692307692,7892.26282051282,12961
6380.313679245283,10938.73820754717,12971
6385.527522935779,7780.003058103975,12979
6383.328031809145,10090.260437375746,12980
6386.832199546485,10571.555555555557,12981
6382.316715542522,10466.366568914957,12989
6390.345280764635,7916.879330943847,12992
6386.214953271028,10825.067289719624,12994
6385.438356164384,11039.079452054795,12995
6391.213147410359,10657.317729083665,12998
6386.841975308642,8694.019753086419,13005
6390.45971563981,10426.826224328594,13007
6385.08984375,10617.47265625,13011
6394.454106280194,8260.5346215781,13022
6396.988700564972,7715.368644067797,13025
6389.577868852459,8103.274590163935,13029
6397.873344370861,10333.99668874172,13030
6391.063758389262,8181.956375838926,13032
6398.69417989418,9921.279365079365,13033
6395.620926243568,9966.528301886792,13038
6408.911268372346,8581.381056069678,13045
6402.874545454545,10130.165454545457,13048
6396.283898305085,8138.8516949152545,13063
6395.341836734694,11239.377551020409,13065
6401.526845637584,8088.1510067114095,13075
6409.505464480874,10864.494535519125,13101
6406.349650349651,10912.956293706293,13102
6406.75505050505,10241.30303030303,13106
6422.082840236686,10291.3,13107
6420.45,8500.417532467533,13112
6416.764616552771,11008.681093394078,13119
6418.539948453608,7805.899484536082,13133
6419.447293447293,8648.50641025641,13134
6411.384164222874,10083.709677419354,13135
6414.06582278481,8181.283544303797,13153
6418.617623282134,10175.208569118837,13158
6412.720930232558,8053.753488372093,13161
6421.87027027027,8714.293693693693,13169
6426.10149750416,7946.628951747088,13174
6422.811475409836,10692.241803278688,13186
6427.553284671533,7913.344525547445,13190
6419.756043956044,10631.105494505497,13192
6424.966367713005,10747.106502242152,13193
6432.281159420289,8265.160869565218,13197
6432.447257383967,7694.836849507736,13205
6425.274298056155,8203.477321814255,13206
6421.36220472441,10471.22440944882,13208
6419.81443298969,7850.917525773196,13211
6434.6873857404025,10104.54113345521,13217
6432.611721611722,8090.978021978022,13221
6428.443089430894,10804.292005420057,13222
6430.196832579186,10548.357466063348,13237
6441.818897637795,8228.67401574803,13248
6434.804347826087,7769.552173913044,13253
6436.989501312336,8132.787401574803,13254
6442.23035952064,10236.703062583225,13265
6450.603563474388,10353.155902004455,13280
6444.794244604316,8017.637410071942,13289
6451.463019250254,10868.038500506584,13292
6449.681978798587,10941.500588928153,13293
6448.35294117647,8064.529411764706,13295
6453.969924812031,11050.565162907267,13307
6456.601694915255,10443.724576271186,13323
6450.715231788079,10988.664459161148,13324
6452.607390300231,10534.715935334872,13332
6452.269886363636,8371.556818181818,13339
6464.712346477052,8616.572721396251,13340
6460.853312302839,7868.288643533123,13347
6460.580722891566,7935.392771084337,13348
6459.043554006968,8451.702090592335,13356
6459.031413612565,7830.82722513089,13365
6459.172680412371,10800.110824742267,13367
6461.611494252874,10843.091954022988,13375
6459.463356973995,7897.174940898345,13377
6463.492924528302,7756.995283018868,13385
6471.533333333334,7968,13413
6474.23047858942,8069.502518891688,13420
6477.81444332999,8504.499498495486,13424
6473.4375,8673.256048387097,13425
6478.696202531645,8120.272151898735,13448
6486.523291925466,8552.910714285714,13449
6477.1626506024095,8333.015060240963,13454
6477.12962962963,7833.62962962963,13479
6488.655477031803,7800.323321554771,13493
6484.76282051282,8146.698717948718,13507
6488.035781544256,7900.734463276836,13513
6502.380228136883,7938.22813688213,13573
6499.260536398468,8098.969348659004,13577
6506.685546875,8041.00390625,13584
6507.45,8653.236363636364,13604
6510.515243902439,8234.599085365853,13610
6517.462459194777,8582.988030467899,13617
6523.569023569024,7851.658249158249,13662
6531.461467038069,8632.632311977715,13673
6532.613130128957,7892.391559202813,13678
6535.683937823835,8057.098445595855,13711
6534.2962962962965,8189.80987654321,13737
6555.335877862595,8461.18320610687,13823
6566.376093294461,8001.959183673469,13889
6580.143088116411,8163.360549717057,13894
6567.048128342246,8235.315508021391,13895
6575.880208333333,7950.104166666667,13932
6586.873611111111,8378.677777777777,13953
6586.880281690141,8508.187323943663,13956
6601.5609756097565,8254.617886178861,14041
6621.369369369369,8311.38018018018,14122
