x, y, cell_label
574.8675958188153,5476.030662020906,1
568.4808080808081,5418.875757575757,2
594.8549190535492,5226.475093399751,3
577.6954022988506,5265.287356321839,4
599.2695269526953,5131.742574257426,5
602.6589698046181,5432.979573712256,6
620.2768635043562,5048.207647628267,7
625.1836909871245,4996.303004291845,8
629.514764565044,4954.776536312849,9
632.5477784540475,4794.013390139988,10
634.9882583170254,4888.765166340509,11
634.4855875831486,4736.6518847006655,13
646.7698630136987,5086.301369863014,15
673.1531365313654,4638.051660516605,20
663.5961538461538,5471.769230769231,22
680.4273127753304,4693.411160058738,25
679.3827655310621,4421.294589178357,26
704.8544093178036,5509.874376039934,27
692.4237726098191,4509.635658914729,28
701.916155419223,4417.476482617587,30
708.7278531524341,4153.773343974462,31
720.9193277310924,4442.0781512605045,33
724.7318941504178,4282.0550139275765,36
743.3249475890985,4337.101677148847,46
746.3514132925898,5561.596638655462,47
747.3514938488577,4067.798769771529,48
761.4767932489451,3905.3298171589313,55
771.7671568627451,4025.129901960785,61
778.0167224080268,3843.441471571906,66
777.4638297872341,3953.055319148936,67
783.1473684210526,3911.3894736842094,68
810.319374651033,3869.786152987158,70
815.8972407231208,3701.035204567079,73
805.7216494845361,3816.530927835051,75
846.1247600767755,3807.660908509277,90
846.8078920041537,5509.6739356178605,91
866.3733333333333,3586.5161904761903,102
869.7650602409639,3669.389558232932,105
873.3468208092486,3623.320809248554,107
910.1030927835052,3538.5876288659792,119
945.8446886446886,3513.972161172161,130
957.4457572502686,3421.5080558539207,138
957.15,3474.045652173913,143
984.8848594741614,5543.471441523119,149
975.3269230769232,3435.4903846153848,150
997.069498069498,3420.6833976833977,156
1023.956388676358,5560.457536342769,164
1020.5131086142322,3402.0561797752807,166
1037.4655563966692,3351.9636638909915,170
1077.5123042505593,3333.420581655481,185
1093.2170283806345,5614.148580968281,194
1098.360310421286,3287.3636363636365,196
1113.5931034482758,3318.5655172413794,214
1136.376787216148,3127.510513036165,218
1137.496821071753,3166.8592188919165,219
1132.8496932515338,3276.28936605317,220
1152.6868381240545,3208.0211800302573,238
1151.2651072124756,5631.933723196881,242
1179.719298245614,3169.8173374613,254
1223.5127136306794,3125.488536890371,271
1204.527659574468,5633.4702127659575,280
1233.8008298755187,5635.539419087137,301
1251.1448467966577,3070.576601671309,306
1262.8294117647058,3024.0376470588235,316
1260.7238805970148,5655.625,321
1286.828960155491,2993.0845481049564,336
1283.9951219512195,2958.8634146341465,346
1303.8583509513742,5680.899577167019,355
1324.5046604527297,2867.043941411451,364
1314.104316546763,2961.276978417266,369
1337.2471776589423,2888.844325609032,371
1387.4205967276228,5693.632338787295,420
1381.8244575936883,2800.775147928994,426
1399.577399380805,2810.5092879256968,445
1437.1838819523268,2735.093076049943,470
1439.0479532163745,5721.824561403509,476
1452.261194029851,5752.792910447762,491
1475.2346185397869,2738.267432321575,514
1480.7860326894502,2694.01485884101,518
1477.0366132723111,5739.151029748284,522
1520.6646864686468,5744.597359735973,548
1530.89219330855,2682.027261462206,561
1579.928756476684,2643.95725388601,598
1577.3788659793815,5747.490979381443,603
1621.0765550239234,2642.803827751196,653
1641.685450819672,2611.13524590164,668
1659.405682715075,5774.447513812154,679
1711.052681992337,2581.9683908045977,730
1773.956608811749,2540.6088117489985,773
1776.339748334567,2503.5455218356774,774
1762.9622641509434,5783.779874213837,781
1808.325,2553.285,826
1824.676518883416,2520.927750410509,835
1832.4029197080288,5790.700729927007,836
1849.6597222222224,2472.7291666666665,861
1860.3071528751752,2490.8302945301543,862
1861.315693430657,2521.8357664233577,867
1881.079040852576,5803.989342806394,884
1914.218867924528,2492.794339622641,924
1933.832329317269,2518.6977911646586,925
1924.2004716981128,5812.933962264151,933
1932.03908045977,2479.032183908046,943
1954.3962264150944,5822.480635551142,956
1964.9117276166453,2476.2849936948296,979
1995.044575273339,2526.5483599663585,1008
2011.1744186046512,2486.838662790697,1033
2021.598615916955,5832.868512110726,1053
2050.758620689656,2482.2528735632186,1082
2094.8114285714287,2493.8514285714286,1122
2103.9886877828053,2444.877828054299,1128
2118.297082228117,2528.742705570292,1148
2139.1166380789023,2506.5883361921096,1162
2169.9619473978737,2259.6989367655287,1179
2161.822277847309,2039.334167709637,1181
2158.603125,2482.5640625,1182
2161.405034324943,2162.6064073226544,1189
2167.0599571734474,2140.537473233405,1195
2205.8169582772543,5873.174966352624,1217
2192.665796344648,2058.539164490862,1222
2188.522111269615,2302.6119828815977,1223
2187.476683937824,2489.963730569948,1229
2223.653636813459,2103.6432459178623,1247
2221.558741258741,2543.9895104895104,1254
2228.022381378693,2363.6025067144137,1256
2227.24200913242,2498.160958904109,1263
2232.277419354839,2033.4193548387093,1269
2252.4897785349235,2420.7572402044293,1282
2254.87380497132,2064.3135755258127,1300
2270.6699669967,2358.938943894389,1317
2276.2002923976606,2516.093567251462,1323
2290.9651741293533,2022.7313432835824,1339
2285.232804232804,1981.5291005291008,1342
2304.795430944964,2382.828660436137,1355
2303.2848484848487,2514.0151515151515,1364
2314.162962962963,5907.388888888889,1378
2331.0962343096235,1954.5941422594144,1386
2338.68085106383,2509.9226305609286,1404
2337.548780487805,1974.8333333333333,1411
2347.369593709044,2006.7732634338136,1412
2348.3006134969323,2410.1676891615543,1415
2345.459293394777,2532.811059907834,1418
2392.889782783588,2468.5575221238937,1458
2376.756923076923,2428.1384615384613,1465
2388.540031397174,1910.419152276295,1469
2392.607085346216,1945.305958132045,1481
2417.3990384615386,5963.033653846154,1521
2429.9337349397592,1901.2449799196788,1526
2426.0134099616857,1948.886973180077,1527
2424.012578616352,5949.798742138365,1532
2437.902280130293,1931.0912052117264,1544
2458.2566666666667,5954.213333333333,1569
2478.6014492753625,2543.521739130435,1609
2511.991643454039,2552.1295264623955,1645
2529.9715370018976,5977.296015180265,1659
2539.6529680365297,2464.785388127854,1693
2582.612244897959,2546.186074429772,1734
2586.1428571428573,5995.384236453202,1759
2614.447284345048,2482.434504792332,1792
2623.049751243781,5990.76368159204,1802
2648.833333333333,5992.287234042553,1849
2644.555555555556,2486.333333333333,1850
2658.503144654088,2597.289308176101,1862
2673.875,5990.10597826087,1881
2692.057142857143,2612.6507936507937,1901
2774.8939393939395,2630.109090909091,2001
2758.735135135136,2652.9067567567567,2009
2760.4179487179485,2500.471794871795,2016
2781.277777777778,2520.3703703703704,2055
2802.423690205012,6093.990888382688,2087
2804.517412935324,2656.5522388059703,2095
2819.296540362438,6055.864909390445,2115
2850.465964343598,2545.4116693679093,2124
2843.952631578947,2670.2294736842105,2152
2886.1651884700664,2673.7062084257204,2220
2915.910052910053,2556.934744268078,2280
2984.5806451612902,2593.8651026392963,2402
3011.8978766430737,2633.762386248736,2416
3006.9298507462686,2738.9701492537315,2431
3009.74213836478,2673.616352201258,2445
3012.012323943662,6207.808098591549,2456
3015.553235908142,2588.6263048016704,2458
3029.0857946554147,2702.7426160337554,2465
3034.52867830424,2613.349127182045,2487
3044.4665579119087,2738.9347471451874,2493
3055.267461669506,2762.463373083476,2514
3056.6690391459074,2591.6014234875447,2523
3063.615234375,2615.5703125,2530
3100.407207207207,2706.265765765766,2559
3082.5234159779616,2791.0399449035813,2561
3094.7345612134345,2642.106175514626,2565
3101.055605381166,2748.019730941704,2585
3115.3598233995585,6252.435614422369,2592
3121.4864391951005,2792.4549431321084,2628
3140.0834621329213,2640.809891808346,2668
3164.435344827586,6235.828304597701,2711
3173.6503067484664,2658.769938650307,2726
3180.6279342723005,2720.3204225352115,2734
3178.6708074534163,2694.6024844720496,2760
3187.926910299004,2773.249169435216,2781
3218.3539094650205,2836.5375982042647,2808
3245.159722222222,6307.222853535353,2820
3217.997340425532,2650.061170212766,2848
3222.3529411764707,2768.0718954248364,2858
3257.903614457832,6288.005163511188,2905
3278.390438247012,2795.95219123506,2959
3305.5741410488245,2783.3010849909583,2986
3298.128623188406,2837.9239130434785,3005
3305.734006734007,2745.7070707070707,3023
3310.804721030043,2873.0622317596567,3031
3312.0453781512606,2713.95294117647,3043
3316.4578059071728,2684.2109704641352,3058
3313.245614035088,6317.535087719299,3066
3344.0451612903225,2846.5974193548386,3110
3354.795608108108,6326.253378378378,3140
3356.6423529411763,2727.731764705882,3147
3357.547747747748,2772.252252252252,3149
3361.9337822671155,2883.063973063973,3150
3381.102141680396,2752.028006589786,3201
3385.7985507246376,2901.526086956522,3208
3388.474245115453,2790.476021314388,3218
3410.097435897436,6349.702564102564,3275
3425.169452887538,2776.7158054711244,3278
3418.1909871244634,2893.8841201716737,3282
3416.904761904762,6336.059523809524,3301
3439.492537313433,2805.2549751243782,3335
3447.0285714285715,6349.210714285714,3349
3475.4862486248626,2844.4994499449945,3394
3474.971794871795,6345.4358974358975,3425
3482.8361774744026,2906.156996587031,3427
3485.04469273743,6414.791433891993,3431
3496.0186697782965,2980.863477246208,3437
3517.0845588235293,6402.422794117647,3506
3541.784496124031,2958.311627906977,3540
3549.435897435897,6412.371794871795,3586
3566.63321799308,2863.4273356401386,3611
3583.5,2912.963333333333,3642
3613.734848484849,6470.851515151515,3693
3621.363782051282,2894.181891025641,3724
3621.002747252747,3044.56043956044,3738
3646.8760757314976,6447.669535283993,3806
3650.198630136986,2939.8167808219177,3810
3665.766791044776,2913.2751865671644,3822
3668.066909090909,3070.1745454545453,3829
3685.910294117647,2950.160294117647,3883
3689.71875,6481.482954545455,3907
3718.004830917874,6491.934782608696,3957
3714.1635338345855,2932.736842105264,3959
3720.213723284589,2963.850393700787,3965
3721.946091644205,3084.423180592992,3975
3739.72,2978.4038095238097,4024
3753.945306122449,6468.912653061225,4042
3749.627371273713,3118.539295392954,4047
3762.2762186115215,3002.416543574594,4070
3766.1793248945146,3048.4578059071728,4071
3793.760522496372,3148.076923076923,4138
3795.346879535559,6487.689404934688,4151
3788.2578125,3007.2109375,4152
3806.413165266106,3027.141456582633,4178
3807.598611111111,6525.4013888888885,4194
3820.935807422267,3184.459378134404,4212
3831.276288659794,2990.4494845360823,4238
3836.8249694002448,6538.493268053856,4252
3840.66392092257,3041.1598023064253,4268
3843.5494791666665,3065.7057291666665,4281
3869.5950590762623,3155.363050483352,4291
3844.0241935483873,3168.1451612903224,4292
3858.8463541666665,3187.606770833333,4318
3863.0879310344826,3012.9327586206896,4328
3904.7926829268295,3105.485237483954,4350
3876.7854588796185,3215.88200238379,4358
3890.552511415525,6559.91095890411,4384
3907.2971698113206,3072.81320754717,4424
3918.3856613102594,6599.111248454883,4435
3907.712643678161,3227.537931034483,4452
3936.4329432943296,3147.773177317732,4465
3930.934560327198,3284.6973415132925,4500
3945.201183431953,3237.2082840236685,4520
3950.1618320610687,6585.967938931298,4544
3972.470588235294,3286.590196078432,4583
3971.061983471074,3119.6962809917354,4603
3987.0272727272727,6570.205194805195,4620
4012.3,6594.631914893617,4679
4021.518850987433,3161.0789946140035,4712
4023.3606557377047,6626.688524590164,4730
4056.3535,3339.6675,4739
4045.727822580645,3277.002016129032,4742
4037.6765285996057,3182.8441814595662,4748
4050.921104536489,6639.940828402367,4783
4051.472440944882,6669.4488188976375,4797
4101.599735799207,3214.9128137384414,4879
4101.58904109589,3397.6438356164385,4901
4098.581508515815,6673.299270072993,4905
4114.8967684021545,3364.314183123878,4925
4138.631325301205,6700.440963855422,5007
4145.782660332541,3246.8503562945366,5009
4146.9157894736845,3404.5894736842106,5034
4163.729792147806,3271.3810623556583,5066
4161.416666666667,6730.818181818182,5074
4172.169863013699,3311.1931506849314,5077
4177.319775596073,3420.781206171108,5098
4194.92343387471,3394.29853054911,5101
4199.39348534202,3285.0065146579805,5128
4189.831325301205,6721.987951807229,5145
4210.153846153846,6709.503036437247,5175
4220.644128113879,3478.827402135232,5206
4217.707317073171,3332.819512195122,5208
4232.556405353728,3367.8059273422564,5209
4241.061224489796,3316.668367346939,5257
4238.867532467532,6741.831168831169,5260
4249.306064880113,3545.27221438646,5272
4263.747873163186,3507.84532095901,5288
4265.430579964851,6759.420035149385,5320
4268.254437869822,3359.713017751479,5330
4273.029515938607,3568.456906729634,5331
4288.488250652742,3380.865535248042,5373
4295.379139072848,6784.35761589404,5387
4318.875862068966,6779.731034482758,5472
4326.041994750656,6824.036745406825,5473
4331.958920187793,3572.279342723005,5485
4333.661956521739,3393.326086956521,5487
4358.848958333333,6812.000868055556,5517
4357.105065666041,3619.2757973733583,5547
4354.30794165316,3663.5542949756887,5548
4353.906158357771,3420.8739002932552,5559
4368.718820861678,3465.770975056689,5577
4372.6511627906975,3426.296511627907,5597
4409.886402753873,6848.828743545611,5639
4413.087062256809,3715.159046692607,5653
4407.180861244019,3494.0698564593304,5678
4405.996615905246,3650.509306260575,5688
4422.781725888325,3638.894670050761,5697
4430.731854838709,3681.846774193548,5738
4429.848153214774,6830.6566347469225,5740
4453.830969267139,3519.611111111112,5797
4469.4268585131895,6900.135491606715,5806
4467.35294117647,6855.252673796792,5845
4468.760180995475,3723.341628959276,5850
4472.219640971489,3764.2048574445616,5851
4498.505862646566,3557.254606365159,5898
4514.394966118102,3729.819941916747,5919
4504.234548335975,3764.169572107765,5938
4529.574879227053,3591.1980676328503,5994
4538.313901345292,3788.2959641255607,6010
4543.248136315229,3827.284345047923,6020
4548.10962566845,6930.975935828877,6024
4541.713493530499,6897.475046210721,6026
4562.437984496124,3624.383720930232,6086
4569.6598360655735,3844.191256830601,6092
4585.347649918963,3588.086709886548,6117
4596.004109589041,3635.2602739726026,6159
4630.281604844815,3843.694928084784,6202
4623.900621118012,3877.6894409937886,6213
4620.821585903083,6930.200440528634,6229
4632.160212604404,3682.6476841306,6240
4628.049475262369,3913.895052473763,6244
4626.025,3646.74375,6249
4634.484752891693,3619.358569926393,6256
4656.888314374353,3738.60082730093,6304
4668.667366211962,3664.625393494229,6351
4668.959723820483,3915.194476409666,6352
4680.744548286604,3708.919003115265,6385
4698.631741140216,3928.5346687211095,6449
4694.968586387435,6948.497382198952,6454
4714.859830667921,3702.082784571966,6485
4722.349112426035,3788.455621301775,6499
4719.204026845638,6940.89932885906,6505
4726.3847980997625,3950.4893111638953,6507
4738.79805352798,3763.889294403893,6552
4740.710769230769,6983.756923076923,6565
4750.079365079365,7023.6547619047615,6593
4749.5,3990.788461538461,6597
4757.251497005988,3944.506986027944,6619
4762.798611111111,3729.151388888889,6632
4769.4636627906975,3794.718023255814,6648
4774.96218487395,6988.031512605042,6665
4779.3955056179775,3762.206741573034,6692
4804.226869455007,7051.108998732573,6723
4795.230344827586,4019.168275862069,6733
4803.259965337955,3885.986135181976,6751
4814.567965367965,7023.174025974026,6764
4814.607660455486,3798.640786749482,6767
4799.858407079646,3966.460176991151,6768
4810.736694677871,3849.705882352941,6773
4818.704545454545,3828.7045454545455,6804
4820.543715846995,4085.3852459016393,6819
4832.5973534971645,4054.0056710775048,6837
4843.528421052632,4101.976842105263,6877
4851.455403987408,3900.890870933893,6883
4859.993513513514,7033.091891891892,6910
4876.824182242991,3838.613901869159,6921
4873.167481662592,4112.519559902201,6936
4888.467045454546,4082.1625,6948
4879.411371237458,7063.123745819398,6976
4909.652198743575,3876.502569960023,7003
4896.920634920635,7045.222222222223,7024
4915.272577996716,4163.309523809524,7049
4908.0127551020405,3920.80612244898,7051
4924.700811359026,3978.523326572008,7064
4908.558823529412,7080.14705882353,7069
4919.6547619047615,4007.186011904762,7072
4932.890946502058,7075.1378600823045,7107
4953.576659038901,4177.141876430206,7125
4946.860061287028,3951.9867211440246,7131
4952.062367864693,3912.636363636364,7139
4958.42032967033,7126.629120879121,7185
4973.752077562327,4204.109418282548,7214
4986.963273871983,7155.997901364113,7225
4981.311627906976,3981.178294573644,7237
5004.758992805755,4218.677458033573,7309
4998.708333333333,4042.2638888888887,7327
5012.075203252032,4016.85162601626,7343
5017.865168539326,4189.949438202248,7371
5046.20879940343,4072.510067114094,7384
5038.114173228347,4032.437007874016,7425
5041.857142857143,7179.881773399015,7431
5061.097949886105,4293.806378132119,7487
5089.144130757801,4054.625557206538,7556
5109.241706161138,4134.86018957346,7643
5110.043902439024,7184.921951219512,7647
5123.470123022848,4090.780316344464,7656
5120.858662613981,4323.123100303951,7663
5136.2904761904765,7244.631746031746,7705
5144.7410628019325,4366.145893719807,7731
5145.75,4130.256578947368,7760
5169.037878787879,4394.60101010101,7797
5168.233333333334,4208.133333333333,7845
5184.674384949349,4168.848046309696,7866
5197.631578947368,4243.503759398496,7921
5209.488721804511,4456.206015037594,7931
5213.092571428571,4426.144,7936
5210.821482602118,7247.2223903177,7949
5246.074450084602,4308.730118443316,7996
5239.277691107644,7279.5288611544465,8034
5234.248175182482,7307.85401459854,8035
5246.215562565721,4497.4290220820185,8038
5253.513317191283,4462.509685230024,8059
5258.031390134529,4438.414798206278,8078
5270.392764857881,7298.657622739018,8115
5286.617049180328,7391.43868852459,8130
5281.607336956522,4503.635869565217,8149
5287.243274853801,4548.922807017544,8155
5304.267665952891,7348.087794432548,8210
5317.669829222012,4570.874762808349,8262
5323.149425287356,4316.5,8291
5321.243827160494,4351.172839506173,8297
5324.143939393939,7386.106060606061,8303
5336.935007385524,4554.740029542098,8315
5333.453924914676,7411.866894197952,8330
5342.699175824176,4595.969780219781,8350
5344.112820512821,7427.369230769231,8352
5350.893382352941,4628.816176470588,8369
5349.954022988506,7452.068965517241,8371
5352.80971659919,4354.653846153846,8394
5349.598290598291,4330.333333333333,8398
5359.621082621083,7480.538461538462,8406
5354.896341463415,7413.756097560976,8412
5365.707503828484,4658.660030627872,8414
5372.549520766773,4346.623003194888,8454
5381.961279461279,4383.442760942761,8473
5397.712209302325,4622.357558139535,8542
5405.432212028542,4654.810397553517,8543
5401.152709359606,7499.167487684729,8544
5410.08071278826,4410.48427672956,8547
5402.831309041835,4709.825910931174,8548
5418.564102564103,7556.032478632479,8597
5426.460526315789,4681.4473684210525,8611
5428.661764705882,7504.64705882353,8643
5435.723404255319,4735.822695035461,8645
5449.989096573208,4405.820872274143,8697
5452.315068493151,7540.13698630137,8726
5462.650452488688,4715.611990950226,8728
5470.345060893099,4630.991880920163,8756
5475.918958031838,4430.985528219972,8772
5480.033333333334,4786.489583333333,8805
5490.490981963928,7562.965931863728,8847
5509.529857819905,4545.400947867299,8865
5494.601023017903,4494.649616368287,8875
5504.577167019028,4469.952431289641,8883
5523.147175421209,7660.328543111992,8950
5538.983827493262,4546.126684636119,9062
5545.993693693694,4828.004504504504,9077
5565.195488721804,7672.687969924812,9169
5570.31375,4588.44625,9201
5589.666666666667,4883.730427764326,9228
5607.114155251142,4604,9357
5609.739058629232,4945.379025598679,9358
5620.773195876289,4634.023195876289,9423
5625.257597684516,4914.314037626628,9442
5639.894915254237,4673.329943502825,9516
5646.167916041979,4956.205397301349,9557
5655.352040816327,4725.942602040816,9561
5663.412262156448,5014.581395348837,9649
5665.56,4697.685714285714,9654
5674.836734693878,4982.77664399093,9666
5694.903036238981,4969.140058765916,9672
5694.399572649572,4717.905982905983,9751
5698.249692496925,5025.50430504305,9766
5734.097588978186,5045.990815154994,9915
5748.2643805309735,4790.767699115044,9955
5768.971287128713,4766.493069306931,10033
5789.655696202532,4840.592405063291,10119
5801.232515894641,5092.522252497729,10131
5786.065721649485,5115.534793814433,10132
5797.007067137809,4797.339222614841,10159
5793.261609907121,5156.362229102168,10168
5824.520134228188,4815.515100671141,10275
5828.261213720317,4845.171503957784,10309
5837.994382022472,4875.08988764045,10341
5858.557446808511,5185.868085106383,10412
5863.307600950119,4908.5,10431
5889.908045977011,5209.435344827586,10531
5882.488372093023,5177.825581395349,10551
5895.510822510822,4943.790764790765,10567
5897.962105263158,5253.798947368421,10587
5925.118320610687,4939.087786259542,10704
5930.3260340632605,5251.097323600973,10740
5940.677631578948,5299.246710526316,10773
5959.503759398496,5029.464285714285,10812
5949.382978723404,5269.472995090016,10818
5957.35883171071,4975.866481223922,10832
5970.446102819237,5002.155887230514,10853
6008.639344262295,5081.096539162113,11038
6011.060175054705,5338.808533916849,11071
6035.218543046358,5367.441059602649,11188
6046.340057636888,5062.884726224784,11253
6065.821903787103,5324.876151484135,11269
6069.138190954774,5156.751256281407,11344
6076.861271676301,5104.838150289017,11379
6084.423236514523,5393.200553250345,11417
6097.174863387978,5427.534153005465,11486
6102.02,5120.372307692308,11519
6117.666666666667,5166.754257907543,11599
6122.844786729858,5394.226303317536,11614
6134.139186295503,5192.182012847966,11691
6147.378582202112,5433.802413273002,11702
6177.570850202429,5494.605263157895,11859
6170.418604651163,5226.581395348837,11878
6189.380503144655,5465.144654088051,11932
6191.449472096531,5249.078431372549,11947
6198.594674556213,5275.5621301775145,12026
6234.562952243126,5299.192474674385,12170
6230.768348623853,5526.607798165138,12175
6249.111431316042,5498.918347742555,12198
6244.519005847953,5345.219298245615,12221
6252.1719197707735,5553.452722063037,12293
6263.091656874266,5434.703877790835,12338
6289.8125,5391.216282894737,12421
6282.346895074947,5339.901498929336,12440
6309.964805825242,5536.158980582524,12573
6319.457528957529,5415.359073359074,12631
6329.729333333334,5448.796,12692
6346.332046332046,5485.888030888031,12803
5931.438202247191,13334.859550561798,10775
5962.529233870968,13360.341733870968,10857
5971.985153764581,13276.03923647932,10896
5959.838383838384,13154.444444444443,10903
5975.47557840617,13239.899742930593,10954
5971.784946236559,13214.44623655914,10963
5993.895968790637,13341.055916775033,11003
6005.868867924528,13154.065094339623,11045
6005.144736842105,13013.953947368422,11078
6010.1659388646285,12892.311790393012,11102
6030.133695652174,12954.484782608695,11161
6040.649606299213,12911.917322834646,11176
6054.912556053811,12820.504484304933,11301
6058.092715231788,12748.84105960265,11342
6075.468634686347,12676.215867158671,11395
6078.293125810636,12575.167315175097,11423
6091.202,12617.82,11478
6122.485815602837,12491.560283687944,11641
6134.318725099602,12462.86321381142,11673
6152.664335664335,12350.86247086247,11803
6179.022175290391,12341.342133051745,11868
6180.442105263158,12272.732894736842,11918
6233.587341772152,12196.648101265822,12172
6238.812627291242,12159.179226069247,12213
6243.941086457537,12070.188217291508,12215
6273.152744630072,12047.287589498806,12374
6307.634408602151,11826.003961516695,12524
6304.933333333333,11732.055555555557,12554
6323.485023646874,11678.653179190753,12565
6334.260473588342,11639.726775956284,12654
6338.472346786248,11786.730941704036,12725
6353.412667946257,11551.736084452976,12818
6369.3933615819205,11459.17372881356,12862
6407.14961101137,11389.512866546978,13039
6413.058333333333,11346.931666666667,13120
9288.197632058287,4711.371584699454,25328
9314.220219435736,4650.979623824452,25434
9329.241106719368,4787.782608695652,25492
9336.896193771629,4700.532871972318,25543
9335.925729442972,4750.637931034483,25546
9359.55409356725,4741.562865497076,25622
9363.1968503937,4641.9488188976375,25675
9373.84533898305,4607.802966101695,25714
9398.761087267523,4893.640915593705,25809
9400.57319223986,4623.42504409171,25823
9425.544973544973,4677.791534391535,25875
9429.046953046953,4646.443556443556,25894
9472.556399132322,4828.627982646421,26079
9474.701799485862,4700.582262210797,26098
9489.370044052865,4895.872246696035,26188
9497.816568047338,4872.871301775148,26199
9501.689944134076,4770.54748603352,26225
9524.664206642066,4739.9022140221405,26264
9519.971223021585,4980.183967112024,26265
9532.795454545454,4873.375598086124,26291
9530.25466893039,4848.033955857385,26319
9534.30016583748,4958.291873963516,26362
9540.935318275157,5063.4681724846,26369
9553.979856115107,4781.297841726619,26435
9557.974890829695,4931.207423580786,26446
9558.03409090909,4826.772727272727,26486
9578.956232159848,5032.516650808753,26500
9589.878228782289,5077.182656826568,26553
9591.350293542077,4853.45205479452,26587
9598.678106508876,4995.972781065088,26615
9591.333333333334,4888.084541062802,26619
9610.509124087592,4975.843065693431,26664
9617.534926470587,4908.60294117647,26673
9624.59735576923,5116.104567307692,26711
9630.857142857143,4956.089026915114,26766
9629.350318471335,5057.315286624204,26767
9646.070548712209,5148.416573348264,26810
9671.34659685864,4942.309947643979,26905
9678.774477447743,5169.301430143014,26937
9681.195286195289,5063.390572390573,26951
9682.182841068918,4996.670886075949,26955
9699.511441647595,5040.838672768879,26988
9709.961507618284,5107.039294306335,27026
9715.737726098192,5074.754521963824,27079
9708.756756756757,4965.783783783784,27085
9730.26368159204,5217.240049751244,27127
9740.11281657713,5250.965464313123,27137
9751.940366972478,5285.754587155963,27209
9775.978473581214,5059.951076320939,27301
9786.4261682243,5122.265420560748,27329
9788.444444444443,5172.703282828283,27330
9789.342727272728,5250.4345454545455,27341
9814.323232323231,5088.025252525253,27432
9843.883783783784,5321.396138996139,27484
9894.673913043478,5341.827639751553,27728
9921.263195435093,5234.13694721826,27766
9912.654791154791,5300.780098280098,27779
9931.184049079757,5338.926380368098,27820
9940.300681431005,5291.593696763202,27862
9952.226612903223,5380.921774193548,27920
9964.57907542579,5247.2457420924575,27994
9976.330508474575,5446.203389830508,28015
10007.45123966942,5442.7768595041325,28132
10030.07544141252,5286.961476725522,28197
10027.82180293501,5329.180293501048,28216
10032.538641686182,5466.283372365339,28229
10058.10118803769,5386.782875870545,28240
10059.783378746592,5489.614441416894,28321
10071.31715210356,5433.0873786407765,28362
10110.13876967096,5505.099427753934,28472
10117.274253731342,5374.115671641791,28504
10153.026713124274,5537.689895470383,28636
10169.700980392156,5567.09068627451,28704
10189.770676691727,5440.586466165413,28743
10192.126666666669,5547.5233333333335,28801
10203.648688046647,5574.087463556852,28819
10209.871038251364,5608.217486338798,28831
10254.257923497267,5548.940983606557,28973
10255.24031007752,5602.119186046512,28974
10254.114228456914,5500.080160320641,28982
10259.479468599036,5639.020531400966,29002
10284.007518796992,5580.165413533835,29108
10331.84399375975,5572.269890795632,29235
10345.656511805028,5612.514089870526,29248
10403.706125827815,5584.425496688742,29474
2429.9337349397592,1901.2449799196788,1526
2446.2783251231526,1579.817733990148,1546
2457.5521628498727,1632.8396946564883,1567
2457.972972972973,1478.9234234234234,1576
2461.8275862068967,1892.0344827586207,1579
2461.159574468085,1510.1170212765958,1585
2480.31983805668,1701.6194331983806,1590
2475.4337349397592,1453.441767068273,1600
2492.77345971564,1839.469194312796,1607
2487.35,1423.79375,1616
2498.583333333333,1804.6833333333327,1636
2506.7256097560976,1749.138211382114,1643
2507.8987341772154,1777.146835443038,1644
2515.5825242718447,1402.13786407767,1655
2540.6044444444447,1352.37,1686
2567.439024390244,1310.5987411487015,1719
2582.466926070039,1263.1076523994811,1740
2620.688995215311,1257.9342105263158,1795
2646.690322580645,1236.5870967741937,1845
2690.952789699571,1160.9077253218884,1890
2688.458984375,1201.08203125,1891
2732.875413450937,1103.4366041896362,1947
2738.25884244373,1127.5787781350482,1971
2795.2317290552583,1091.0320855614973,2064
2822.786334056399,1001.7624728850326,2102
2820.494296577947,1050.9885931558936,2123
2867.928571428572,987.5098522167488,2198
2886.2229166666666,939.4854166666668,2229
2957.387912087912,908.7384615384616,2349
2998.2253658536583,868.0878048780488,2404
3033.167088607595,809.8303797468354,2440
3192.775482093664,736.6611570247934,2766
3221.854691075515,742.6338672768878,2843
3266.5429650613787,667.5127478753541,2915
3258.723988439306,712.0072254335261,2921
3298.5160965794767,694.976861167002,3011
3397.6150442477874,637.743765084473,3206
3446.998059508409,600.9489003880983,3325
3473.645264847512,559.9133226324237,3414
3509.0074738415547,556.3393124065769,3477
3579.849686847599,494.6868475991649,3646
3612.868446139181,463.001906577693,3672
3606.040214477212,508.9115281501341,3697
3651.550700741962,496.3602638087386,3800
3682.862068965517,452.5502248875562,3870
3710.567164179105,428.9283582089552,3947
3746.688537549407,399.9059288537549,3981
3735.301204819277,465.7095046854083,4005
3810.0417710944025,439.2280701754386,4116
3905.62676529926,445.5884330867519,4412
3911.393523061826,403.04808635917567,4423
3967.791588785047,395.12990654205606,4578
3974.276450511945,357.01023890784984,4610
4035.105121293801,337.1455525606469,4751
4088.0616860863606,289.6353666895134,4813
4131.383952254642,322.31962864721487,4965
4164.754859611231,294.41900647948165,5043
4239.854885057472,298.6048850574713,5214
4272.980519480519,267.9512987012987,5323
4339.098321342925,224.9328537170264,5445
4334.33,261.50454545454545,5474
4428.680170575693,263.18336886993603,5737
4439.061674008811,237.7180616740088,5767
4463.501683501683,237.6296296296296,5841
4543.384813384813,215.04761904761904,5999
4697.026687598116,237.9623233908948,6421
4733.62447257384,221.82911392405063,6534
4780.69864498645,278.1257452574526,6656
4794.926490984743,213.4396671289875,6698
4825.007421150278,252.6975881261596,6808
4883.52719665272,296.59414225941424,6967
4959.267884322679,324.6681887366819,7168
5129.983662355344,382.30837304288633,7635
5260.766574585636,405.5883977900552,8081
5315.471929824562,403.140350877193,8240
5352.742331288344,421.9693251533743,8409
5400.4473684210525,444.890350877193,8556
5426.704201680673,443.0134453781513,8625
5462.215938303342,465.1028277634961,8706
5568.324041811847,522.430894308943,9174
5663.060670949322,567.5753033547467,9590
5703.206229860365,532.0128893662728,9755
5728.898770104068,574.205298013245,9870
5766.921810699589,564.7469135802469,10040
5832.966539196941,695.7208413001912,10265
5828.391304347826,636.872463768116,10291
5861.754770992367,635.5104961832061,10386
5919.875290832945,688.2536063285249,10549
5914.271834061135,738.3165938864629,10612
5960.92904290429,753.2021452145215,10811
5962.751493428913,650.016129032258,10829
5969.45,822.8363636363637,10893
6000.054462934947,801.5461422087745,10982
6018.424721189591,845.889405204461,11079
6002.21686746988,869.2409638554217,11080
6028.572121212122,892.1915151515152,11146
6026.666666666667,759.1714285714286,11185
6042.8781645569625,717.8132911392405,11203
6054.702363367799,756.5923190546529,11215
6069.878364905284,893.2063808574277,11326
6081.293511843461,846.4057672502574,11359
6123.630456852792,925.9065989847716,11576
6135.894736842105,956.4860022396416,11629
6140.073964497042,916.085798816568,11707
6172.969696969697,914.96331738437,11843
6195.78431372549,859.9129901960785,11961
6215.10273466371,966.0931263858092,12011
6212.752808988764,1002.00936329588,12051
6224.659595959596,943.7313131313132,12084
6221.388785046729,1046.7532710280375,12096
6258.527607361963,1048.561963190184,12243
6255.958123953099,932.4204355108876,12261
6278.429837518464,1101.314623338257,12404
6297.074773413898,1028.8247734138972,12436
6321.344,1106.303,12604
6349.920054200542,1176.7032520325204,12755
6371.37899543379,930.6712328767125,12938
6379.700775193798,949.1162790697674,12940
6385.638439581351,1024.9229305423407,12954
6391.076017130621,1198.9175588865096,12990
6401.301754385965,1108.6491228070176,13035
6417.742506811989,1166.1123978201636,13042
6425.7468354430375,991.9168173598554,13202
6445.127226463104,1090.4281170483462,13229
6485.388768898488,1282.5269978401727,13437
6511.103286384977,1267.9467918622847,13608
6517.251063829787,1329.2,13650
6526.320886814469,1309.568261376896,13653
6555.01297497683,1273.0139017608897,13761
6554.704,1303.276,13828
6575.127906976744,1223.2286821705427,13925
6605.792207792208,1383.7771701982228,13962
6619.856287425149,1425.6077844311378,14125
6650.62749706228,1368.689776733255,14227
6659.692664809657,1416.0594243268338,14243
6678.863565891473,1377.2945736434108,14361
6699.62912400455,1443.0557451649602,14410
6708.122905027933,1524.8705772811918,14459
6706.386301369863,1386.2657534246575,14490
6739.087336244542,1498.8504366812226,14595
6743.382653061224,1465.359693877551,14675
6775.083850931677,1626.5937888198755,14735
6760.55979202773,1446.0190641247834,14739
6773.141891891892,1572.4418918918918,14798
6793.682492581603,1547.6379821958458,14916
6807.785714285715,1510.309973045822,14943
6823.436661698956,1609.6304023845007,15019
6855.314935064935,1567.4042207792209,15179
6850.802752293578,1677.4311926605506,15198
6874.17848410758,1659.80195599022,15274
6936.374900079936,1744.38689048761,15517
6936.132930513595,1657.9697885196374,15586
6969.289445048967,1718.2644178454843,15675
6984.565099457504,1828.877034358047,15763
7018.122905027933,1843.144320297952,15892
7018.97103357472,1792.3107307439104,15898
7016.448473282443,1879.8759541984728,15950
7018.219917012448,1743.4439834024895,15970
7069.173243503368,1862.2165543792107,16163
7101.332176929748,1970.3833477883784,16285
7114.988505747127,1924.2892720306515,16416
7159.115702479339,1936.8670172802404,16539
7156.029612756264,1989.46013667426,16584
7186.058823529412,2055.259515570934,16742
7207.673015873016,2031.69417989418,16780
7225.439544807966,1995.863442389758,16855
7267.664563617245,2157.2818086225025,17022
7279.260631001372,2051.312757201646,17063
7281.972027972028,2091.195804195804,17064
7302.781763826607,2172.152466367713,17161
7312.080808080808,2148.8574635241303,17196
7349.4703595724,2131.1642371234207,17316
7380.776511831727,2217.906222611744,17414
7396.009523809524,2318.9161904761904,17513
7414.155131264916,2305.799522673031,17561
7440.773127753304,2302.5440528634363,17660
7437.587719298245,2367.938596491228,17680
7465.649080735412,2283.677857713829,17698
7452.521126760564,2382.218309859155,17727
7496.589285714285,2457.3589285714284,17807
7495.124223602485,2417.741614906832,17835
7520.437234042553,2340.7521276595744,17918
7524.687045123726,2388.9970887918485,17962
7546.324460431655,2442.873381294964,17987
7570.507157464212,2534.629856850716,18080
7571.766803840878,2426.3086419753085,18119
7593.225296442688,2474.891304347826,18189
7604.59534883721,2525.3197674418607,18216
7622.9070707070705,2476.4,18301
7641.603448275862,2544.882183908046,18383
7648.446389496717,2681.0306345733043,18384
7686.337278106509,2566.112426035503,18524
7696.307548928238,2695.008387698043,18525
7699.923647932132,2611.1961823966067,18563
7700.856790123456,2731.8172839506174,18579
7753.240488155061,2752.368987796124,18725
7795.902847571189,2772.825795644891,18879
7854.913333333333,2774.53,19106
7873.08581436077,2909.380035026269,19116
7870.09907120743,2870.979876160991,19135
7901.636825396826,2977.3555555555554,19237
7923.177136972194,2909.300720906282,19333
7936.595701125895,3022.5220061412488,19407
7965.666666666667,3057.0995024875624,19573
7973.986910994764,2941.34554973822,19594
7980.588607594937,3077.1413502109704,19597
7980.004761904762,3120.94126984127,19604
8008.372460496614,2980.9142212189618,19665
8006.869158878505,2945.185358255452,19714
8008.335849056603,3009.554716981132,19715
8010.722151088348,3148.4443021766965,19730
8038.293846153846,3076.708461538461,19794
8026.294227188082,3113.7001862197394,19806
8037.402934537246,3167.338600451468,19838
8079.2827586206895,3077.8896551724138,19994
8070.910891089109,3184.712871287129,20021
8092.596618357488,3204.3574879227053,20121
8122.388324873096,3098.631979695432,20140
8115.704176334107,3271.122969837587,20194
8115.252427184466,3231.02427184466,20197
8123.246128769356,3205.405052974735,20207
8150.145200486027,3303.549817739976,20312
8156,3174.6157167530223,20348
8187.643948296122,3250.891891891892,20518
8199.021235521235,3185.196911196911,20540
8210.934010152285,3373.52538071066,20670
8233.728205128205,3353.326007326007,20716
8229.740458015267,3182.175572519084,20750
8238.53038674033,3243.828729281768,20761
8272.842525979217,3312.6243005595525,20894
8291.49054054054,3443.743243243244,21019
8305.36030534351,3407.3541984732824,21083
8318.492156862745,3371.837254901961,21157
8338.846560846561,3412.9206349206347,21259
8368.362559241707,3404.703791469194,21377
8375.379429559205,3506.7355229040622,21390
8407.837267080746,3450.998757763975,21552
8411.107113654947,3584.305805396566,21564
8436.220048899755,3548.309698451508,21682
8454.523579201934,3476.220072551391,21773
8451.799806576402,3618.272727272728,21777
8489.197934595524,3561.106712564544,21958
8488.594650205761,3617.6316872427983,21977
8540.828719723184,3628.8079584775087,22144
8547.538327526132,3702.022648083624,22222
8567.41182913472,3615.884994523549,22272
8596.384879725087,3727.128865979381,22391
8592.055555555555,3753.0392156862745,22401
8592.08203125,3586.75390625,22438
8620.588686481304,3699.330776605944,22535
8647.282688766114,3777.993554327808,22643
8641.096273291925,3828.909937888199,22648
8660.653916211293,3648.775956284153,22744
8659.086513994911,3759.496183206106,22749
8670.31543624161,3868.008948545861,22786
8690.352135374698,3931.474617244158,22842
8704.821596244132,3893.9953051643192,22928
8717.315611814345,3976.420253164557,22965
8719.62899050906,3824.3175150992233,22977
8723.732283464567,3887.044094488189,23016
8752.684887459807,3973.556270096463,23158
8779.495361781075,3889.326530612245,23252
8781.79381443299,3984.257731958763,23268
8807.668335419274,4065.947434292866,23353
8817.344753747324,3924.160599571735,23383
8814.953846153847,4117.079487179487,23408
8832.184131736527,3903.980538922156,23469
8832.433333333332,4036.54705882353,23473
8866.71018651363,3968.2467718794833,23590
8885.11136235161,4041.481062747315,23614
8882.55188141391,4181.075256556443,23644
8881.080604534005,3914.583123425693,23650
8904.13594890511,4116.11496350365,23729
8894.817919075145,3985.3872832369934,23747
8918.669512195122,4255.15243902439,23836
8937.6400541272,4284.733423545332,23907
8938.469979296066,4221.809523809524,23919
8943.04108108108,4100.391351351352,23923
8978.19256308101,4119.37583001328,24066
8990.8568329718,4220.648590021692,24129
8997.085173501577,4194.788643533123,24167
9006.620221948213,4102.711467324291,24173
9015.966589861751,4152.132488479263,24198
9013.520408163266,4255.2627551020405,24229
9015.206666666669,4304.611111111111,24235
9038.364562118126,4126.9908350305495,24305
9040.462287104623,4257.815085158151,24325
9042.508849557522,4208.179203539823,24346
9065.209302325582,4317.725581395349,24458
9076.800551470587,4182.003676470588,24478
9085.285714285714,4434.521303258145,24528
9086.442965779468,4501.600760456274,24529
9089.525252525253,4269.950937950938,24544
9095.027718550107,4310.963752665245,24561
9122.475352112677,4375.598591549296,24687
9135.16724738676,4541.376306620209,24751
9138.26618705036,4273.03237410072,24761
9153.697220135236,4493.360631104433,24768
9166.70569105691,4574.177235772358,24854
9175.242211055276,4624.313567839196,24871
9196.499452354874,4657.487404162103,24965
9204.42744656918,4597.868391451068,24993
9212.95733610822,4495.816857440166,25014
9220.432352941176,4458.435294117647,25093
9234.824015247776,4573.534942820838,25106
9243.620474406993,4643.78152309613,25173
9288.197632058287,4711.371584699454,25328
9295.193302891934,4558.076103500761,25389
9314.220219435736,4650.979623824452,25434
9363.1968503937,4641.9488188976375,25675
9373.84533898305,4607.802966101695,25714
9400.57319223986,4623.42504409171,25823
10385.77981651376,5681.941896024465,29428
10393.45207253886,5717.984455958549,29467
10442.602184087364,5702.711388455538,29620
10452.480459770117,5740.12030651341,29621
10433.805555555557,5625.385416666667,29626
10443.10447761194,5654.835820895522,29663
10505.947293447294,5707.423076923077,29809
10509.71375464684,5741.6208178438665,29877
10518.222,5787.232,29887
10551.21794871795,5818.294871794872,30024
10578.915110356536,5823.954159592529,30089
10577.123188405798,5873.152173913043,30098
10588.748299319728,5765.006802721088,30139
10611.636627906975,5812.014534883721,30166
10623.039426523295,5924.050179211469,30245
10635.01677148847,5787.842767295598,30266
10639.506958250497,5904.532803180915,30267
10633.756097560976,5838.609756097561,30285
10662.150476190476,5805.489523809524,30352
10662.226164079822,5835.476718403547,30353
10689.591497227357,5913.215341959334,30401
10681.202460850112,5972.733780760626,30410
10708.343575418994,5994.463687150838,30518
10727.277182235835,5923.944869831546,30563
10731.274163568773,5875.082713754647,30569
10756.745639534884,5979.950581395349,30612
10755.03448275862,5933.251436781609,30648
10789.236966824645,5926.518957345972,30760
10802.263231197772,5960.74651810585,30786
10805.68008948546,5907.821029082774,30795
10813.153661464588,6006.434573829532,30812
10843.95739910314,6004.293721973094,30885
10868.600321027288,6154.756019261637,30982
10887.280238500853,6077.190800681431,30991
10895.23126734505,6137.848288621647,31014
10893.390365448506,6185.676910299003,31050
10927.454462659382,6213.453551912568,31151
10943.17494600432,6245.855291576674,31211
10945.428015564205,6114.229571984436,31215
10965.770459081836,6178.483033932136,31262
10973.038800705468,6268.626102292769,31287
10977.74173553719,6227.039256198347,31292
11004.556691449814,6142.877323420074,31343
10996.672143974962,6311.825508607199,31350
11020.92586490939,6349.247940691927,31421
11012.816666666668,6245.611111111111,31427
11034.31124807396,6311.15716486903,31468
11060.584474885844,6390.841324200913,31538
11074.7343387471,6274.92807424594,31566
11090.804270462631,6340.545670225386,31618
11088.734104046243,6261.945086705202,31640
11135.313479623825,6267.537617554859,31738
11149.4686774942,6402.47331786543,31766
11167.109004739335,6337.8278041074245,31820
11187.302512562814,6408.28743718593,31859
11203.123382226056,6490.550474547023,31896
11196.55376344086,6344.680107526881,31909
11216.468468468467,6563.70045045045,31936
11236.952688172045,6612.85376344086,31999
11246.394655704007,6549.697841726619,32011
11243.803738317756,6487.890186915888,32015
11287.16275659824,6457.017595307918,32142
11305.780423280425,6550.674603174603,32167
11355.981467181467,6643.844787644788,32263
11351.742307692308,6566.496153846154,32282
11358.732394366198,6535.784708249497,32299
11380.861760660247,6708.437414030262,32323
11362.701873935264,6792.066439522999,32324
11387.23550295858,6773.971597633136,32335
11367.041758241758,6616.175824175824,32346
11401.128486897718,6832.267117497887,32397
11404.35368577811,6578.33730454207,32411
11415.486880466471,6667.7959183673465,32454
11425.504456327986,6774.308377896613,32470
11448.833333333334,6880.724206349207,32532
11468.835,6823.294,32564
11508.999211977936,6908.222222222223,32648
11514.54411764706,6980.523755656109,32682
11524.823373173973,6839.662682602921,32707
11533.386404293382,6815.869409660108,32726
11538.822440087146,6788.056644880175,32728
11564.79357798165,6852.891437308868,32800
11578.25155279503,7009.281055900621,32845
11584.581609195402,6892.287356321839,32855
11613.795005202914,7071.166493236212,32908
11616.347581552303,6983.868391451068,32912
11614.92046659597,7025.304347826087,32918
11677.543872371283,6989.202320522118,33062
11688.430976430976,7182.6127946127945,33112
11700.729463307776,7144.358159912377,33130
11706.095577746077,7120.330955777461,33150
11707.58958068615,7219.500635324015,33159
11723.943107221006,7104.155361050328,33215
11729.738617200675,7186.077571669477,33222
11743.923988153998,7150.753208292202,33242
11759.844571428572,7080.634285714285,33295
11760.492771084337,7257.0204819277105,33300
11780.74619771863,7312.524714828897,33342
11795.401985111665,7246.843672456575,33391
11800.117001828154,7135.504570383912,33397
11810.62962962963,7342.771990740741,33421
11832.557692307691,7207.719780219781,33473
11836.427852348994,7280.947986577181,33474
11841.229246487866,7380.955938697318,33477
11867.041666666666,7299.751388888889,33535
11874.653666146643,7231.131045241809,33544
11866.901234567902,7268.358024691358,33562
11910.110339506173,7417.423611111111,33604
11896.85,7315.9,33606
11920.218241042345,7407.00325732899,33664
11930.896718146718,7384.7722007722,33672
11926.039603960397,7294.410891089109,33686
11978.668404588112,7488.865484880083,33773
11980.373540856031,7431.054474708171,33799
11988.567656765676,7554.23102310231,33813
12000.320685434515,7615.128518971848,33825
11996.469194312796,7571.867298578199,33833
12009.93373493976,7467.915662650603,33852
12044.957912457912,7561.527777777777,33905
12064.308823529413,7720.558823529412,33971
12074.683333333332,7620.483333333334,34015
12087.814655172411,7746.064655172414,34036
12102.58496732026,7694.384531590414,34054
12113.90212071778,7617.685970636216,34062
12116.64,7768.838181818181,34084
12140.612903225809,7815.940860215053,34147
12145.044750430292,7848.657487091222,34151
12151.993499458287,7796.108342361864,34154
12166.128503075872,7643.816131237184,34181
12194.782731776362,7799.45152158528,34239
12210.617148554336,7908.44965104686,34267
12215.589198036008,7882.070376432079,34292
12233.567541302236,7729.389698736638,34311
12238.580874872838,7844.148524923703,34326
12238.285714285714,7973.648648648648,34346
12264.54051054384,7944.938956714761,34379
12262.655990510084,7996.489916963226,34381
12287.27129750983,7898.899082568807,34425
12294.02600780234,7952.5045513654095,34428
12292.74318181818,8016.927272727273,34435
12311.703942075625,7807.543041029767,34442
12305.027777777776,7879.125,34455
12338.50250178699,7852.337383845604,34510
12322.597701149423,8079.580459770115,34511
12344.702863961817,7975.762529832936,34516
12337.455197132616,8033.965949820788,34527
12339.361809045226,8085.537688442211,34544
12357.422626788037,7895.827048114435,34554
12364.125899280576,8142.327338129497,34571
12380.427072402936,8056.989506820567,34603
12390.403522818257,7987.586068855084,34608
12438.75965665236,8006.367668097282,34714
12454.283931357257,8091.982839313572,34744
12465.736051502146,8226.74678111588,34772
12470.277955271566,8177.316293929713,34784
12479.60210526316,8063.850526315789,34795
12493.45920502092,8265.588912133891,34811
12505.23814229249,8179.947628458498,34815
12487.249180327868,8196.77049180328,34816
12517.13949013949,8127.194805194805,34844
12527.751547987617,8259.845975232198,34871
12527.69111969112,8301.142857142857,34888
12552.093237704918,8255.951844262296,34917
12560.632754342432,8350.658395368073,34938
12644.098348887292,8480.578607322326,35067
12643.494897959185,8405.865646258504,35072
12672.213636363636,8290.780909090909,35110
12682.92418032787,8521.40368852459,35140
12714.23698630137,8498.047945205479,35181
12721.838383838383,8609.858585858587,35208
12736.848566308245,8595.195340501792,35218
12755.393758300132,8541.056440903054,35242
12754.633576642336,8674.538686131387,35249
12755.481767955802,8737.165745856353,35255
12763.267489711934,8639.670781893004,35271
12772.788804071246,8612.01272264631,35277
12789.44235924933,8506.201072386059,35284
12778.859296482413,8778.765494137353,35285
12806.847887323944,8692.139906103286,35317
12815.660965180208,8649.904703726328,35321
12816.745743473326,8609.954597048809,35334
12817.633431085043,8865.92521994135,35336
12810.427015250543,8810.274509803921,35338
12832.23097826087,8515.679347826086,35345
12823.882736156353,8581.827361563517,35346
12830.194229415903,8759.545390570021,35348
12855.223958333334,8717.185763888889,35385
12865.182967398536,8766.094477711244,35390
12869.459657701713,8699.128769356153,35396
12869.131702728127,8942.428033866416,35399
12865.083213773314,8616.276901004305,35405
12859.44262295082,8817.819672131147,35410
12870.486419753086,8887.953086419753,35416
12885.010484927916,8998.798165137614,35428
12889.431972789116,9059.43537414966,35440
12920.154639175258,8666.896219931272,35461
12929.483436271756,8837.78439079169,35481
12936.535164835164,8932.898351648351,35488
12928.434782608696,9156.853754940712,35489
12943.68130690948,9082.542046063205,35490
12941.110429447852,8738.665644171779,35505
12952.561497326204,9025.9688057041,35508
12963.536259541985,9173.685114503816,35522
12967.452655889145,9248.4376443418,35527
12984.749508840863,9144.45677799607,35547
12996.39531941809,9223.91587602783,35550
12992.358422939067,8834.906810035842,35551
12997.989987484356,9059.11013767209,35556
13001.32635585157,9028.84110371075,35562
13005.535152151102,9344.89296956978,35565
13000.795366795366,9278.934362934362,35570
13013.96720061022,9181.222730739892,35576
13028.993265993266,8816.993939393938,35577
13021.423076923076,8900.133526850508,35581
13018.422893481717,9308.453100158982,35589
13031.49801192843,8858.636182902585,35593
13028.11801242236,8776.755693581781,35595
13041.746810598626,9012.348380765456,35603
13037.62487046632,9357.39067357513,35604
13058.043585526317,9104.353618421052,35620
13068.010606953449,9204.908073070124,35623
13071.146265560166,9466.20539419087,35631
13083.078446909669,8933.015055467511,35636
13091.012863534675,9138.724272930647,35646
13086.011023622048,9029.612598425198,35651
13091.345542501727,9516.627505183138,35652
13095.294954721863,9330.045278137128,35658
13106.28375,9269.206875,35661
13116.043298969073,9713.862542955329,35662
13114.1329394387,9914.780649926144,35671
13122.321362229102,9637.575232198142,35674
13130.330845771145,9180.760696517413,35676
13118.075268817203,9086.74623655914,35678
13130.491795366795,9366.091216216217,35681
13136.843304843303,9133.31908831909,35683
13131.53665158371,9578.870588235292,35685
13128.635111876076,9231.342512908775,35687
13131.470976253298,9483.654353562006,35688
13134.855123674912,8954.780918727914,35695
13148.172719935432,9804.206618240516,35700
13139.833333333334,9835.562841530054,35702
13155.99493670886,10050.678481012656,35706
13154.206409048067,9878.563619227143,35707
13172.583225248594,9991.117596195418,35710
13167.348734177214,9062.443037974685,35712
13158.442441054092,9610.44105409154,35714
13162.580996884735,9401.26168224299,35715
13161.628205128203,9658.12271062271,35716
13156.777456647398,9765.552023121389,35717
13175.754332313963,9490.423037716617,35723
13188.389932885906,9333.508053691276,35725
13178.950342465754,9713.825342465754,35726
13183.057918552036,9426.529411764706,35727
13177.473081328752,9846.528064146622,35729
13183.8006833713,9545.469248291573,35730
13181.790091264667,9285.306388526727,35731
13186.3301787592,9773.21451104101,35734
13193.884955752212,9026.680611423972,35740
13191.991589571067,9926.195962994112,35741
13191.67816091954,9600.738505747126,35745
13212.00279173646,9397.294807370185,35748
13202.778516057586,10056.375415282391,35749
13205.564197530864,9469.145679012345,35755
13218.03856041131,9860.640745501283,35758
13223.164102564102,9514.764102564102,35759
13222.542236024845,9233.573291925466,35761
13229.996439471008,9993.198880976604,35763
13218.205317577547,9095.056129985229,35764
13221.049132947976,9580.670520231211,35765
13238.786873156345,9334.896755162245,35772
13231.608695652174,9294.974424552429,35774
13244.105109489052,9636.297810218975,35777
13240.89330024814,9782.033498759303,35778
13244.430162810626,9928.005141388176,35781
13249.847733711047,9747.993626062324,35782
13245.320907617504,9139.37358184765,35783
13240.709090909091,9472.04155844156,35784
13249.513011152416,9064.459727385378,35785
13250.695344129555,9704.76923076923,35786
13257.09497206704,9544.369646182497,35789
13246.316037735847,9807.941037735847,35790
13256.13249651325,9426.16317991632,35793
13269.276608910892,10123.408415841584,35796
13280.107772020723,9875.317098445596,35804
13282.845898004434,9834.89467849224,35805
13287.618889809444,9272.996685998343,35806
13292.520661157025,9379.75688705234,35807
13287.856540084387,10095.167721518988,35808
13278.258389261746,9905.19798657718,35809
13280.28323699422,9218.156069364162,35811
13280.43085106383,9983.462765957447,35812
13284.80608365019,9570.328897338402,35813
13287.9228362878,9505.4212721585,35815
13285.736842105263,9728.176570458403,35816
13306.716354344122,9447.507666098809,35820
13300.365217391303,10027.26304347826,35822
13303.709480122325,9701.093272171254,35824
13303.531553398056,9597.325242718449,35827
13312.951017811703,9944.877226463104,35828
13319.51078515962,9757.79206212252,35829
13313.395739910316,9796.32062780269,35830
13329.915273775216,10327.185590778096,35832
13326.54831932773,9689.758403361344,35834
13343.478859390363,9206.720747295967,35841
13336.677333333331,10277.218666666668,35842
13346.522240527183,9345.03294892916,35845
13347.23365695793,10159.453721682848,35846
13343.801136363636,9852.701704545454,35848
13346.164325842698,10208.438202247193,35850
13349.259629101283,9441.0485021398,35851
13353.340694006309,9399.432176656152,35852
13353.423875432523,9951.065743944637,35853
13369.50632215503,9565.272677295216,35855
13368.758364312269,9994.287484510533,35856
13363.32633279483,10123.46042003231,35857
13369.913194444443,9785.63599537037,35860
13383.619397501838,10035.301249081558,35864
13382.194271481943,10068.326276463264,35866
13377.103850641774,10254.04317386231,35867
13382.44824775876,9401.335778321109,35868
13383.725165562912,10339.120309050772,35871
13387.855129209083,9948.503523884105,35874
13396.114824335904,10105.85089974293,35875
13390.058823529413,9345.72705882353,35876
13402.254285714283,9322.64,35877
13406.453531598512,9741.986059479554,35878
13407.906040268455,10428.724222086636,35879
13397.507575757576,9898.35606060606,35880
13409.105882352942,9684.625,35884
13418.915050784855,9466.137580794091,35886
13425.990598713508,10280.744680851063,35888
13418.438235294116,9560.183823529413,35890
13423.598448108633,10378.63433559651,35891
13431.759377859104,9623.251601097896,35894
13435.844611528822,10143.490392648288,35895
13433.637078651684,10224.976404494382,35896
13435.65915768854,9661.729676787463,35899
13434.825230769233,10061.676923076922,35900
13438.302631578948,9898.08552631579,35904
13441.153078202997,9869.282861896838,35905
13440.199724517906,10595.088154269972,35906
13451.479489516863,9433.575205104831,35907
13444.75988700565,9567.047080979284,35908
13451.540261527873,9734.789401238815,35909
13450.768115942028,9784.852437417654,35910
13449.35096153846,9831.877747252747,35911
13457.575189873418,10185.490632911393,35913
13458.824074074077,9966.344276094276,35916
13454.860927152318,10478.576158940396,35917
13483.48756476684,10276.312953367877,35920
13483.257975034674,10543.276930189551,35922
13481.016034985423,10636.31413994169,35925
13484.608796296296,10702.431327160491,35926
13486.94625,9429.49875,35927
13487.234865470851,10047.423206278028,35929
13488.737242955063,10128.759329779132,35931
13497.30988593156,10213.48288973384,35932
13493.8502170767,10391.278581765557,35934
13486.535168195718,9853.003058103975,35936
13499.029958677684,9774.277892561984,35937
13501.017653167186,9619.342679127723,35938
13507.586225026287,9965.187171398527,35940
13503.57219251337,9899.29679144385,35942
13515.497507477568,9861.787637088732,35945
13528.453161052146,10363.880018458698,35947
13524.681424446584,10789.784408084695,35948
13527.619900497511,10725.669651741291,35949
13527.066282420748,10646.55619596542,35952
13534.959844559586,9751.82512953368,35955
13532.94956140351,10049.350877192985,35956
13534.896103896104,10108.744588744588,35959
13547.229465449804,10204.102998696218,35961
13545.780651340996,10281.337164750958,35962
13547.136752136752,9923.824786324789,35963
13548.17857142857,9818.559523809525,35965
13558.535974130962,10618.071139854486,35966
13559.4670433145,10705.224105461391,35967
13564.640579710143,10462.901449275363,35968
13573.285849952515,10938.617283950618,35969
13568.362953692114,10782.942428035043,35970
13573.519140989729,9673.105508870214,35972
13574.910447761196,10012.370149253731,35973
13568.738717339667,9872.33729216152,35975
13578.56449001619,10283.057744198595,35976
13570.71720116618,10374.944606413994,35977
13574.520231213874,10211.445086705202,35978
13579.32637075718,10887.18276762402,35979
13584.323456790124,10144.19012345679,35981
13587.297475301866,9804.022502744236,35982
13590.490171990172,10056.960687960687,35984
13590.190527448867,10614.775026910656,35985
13593.079150579151,9918.563706563707,35986
13601.226804123711,10780.389373513084,35987
13603.777150916783,10352.332863187588,35988
13599.047146401985,10391.667493796524,35989
13604.816740646798,10479.680405833862,35990
13610.144546649146,10666.795006570304,35991
13609.539138943248,10262.805283757338,35992
13620.995070422536,10554.661971830988,35993
13607.366255144032,10105.958847736623,35994
13615.771260997068,10598.483870967742,35995
13613.765395894428,9890.065982404692,35996
13613.182704019488,11009.18514007308,35997
13614.613903743317,9971.12834224599,35998
13620.318783068784,10065.92328042328,35999
13621.03678929766,9805.3745819398,36000
13632,10392.344870210136,36001
13639.767319277107,10181.954819277107,36002
13637.691156462584,9901.404081632652,36003
13643.52012383901,10052.924664602684,36004
13647.599206349209,10549.753968253968,36005
13640.298850574713,10504.181609195402,36006
13635.730337078652,10726.134831460677,36007
13643.468239564429,10240.355716878405,36008
13655.73695652174,10328.879710144927,36009
13648.092872570194,10686.872570194384,36010
13654.006923076922,10118.362307692309,36011
13651.24623115578,10444.62311557789,36012
13653.183650615902,10017.296752519596,36013
13656.652678571429,9949.257142857145,36014
13671.117449664427,10821.402684563758,36015
13677.18656716418,10390.430348258706,36016
13680.013888888889,10263.892094017094,36017
13692.209595959595,10117.3952020202,36018
13686.451219512195,9985.39024390244,36019
13699.639010189228,10357.157205240175,36020
13692.978354978355,10776.8658008658,36021
13706.435424354244,10182.29889298893,36022
13712.42372881356,10558.29872881356,36023
13720.659317211948,10267.571123755337,36024
13738.880036630037,10354.777472527472,36025
13736.509225092252,10854.340221402214,36026
13729.723320158102,10528.142292490118,36027
13745.590476190477,10420.392207792209,36028
13741.234113712377,10674.628762541806,36029
13748.675373134329,10144.430970149251,36030
13765.346981263012,10202.369188063843,36031
13768.940412979351,10502.145132743362,36032
13758.836236933796,10830.188153310104,36033
13792.340174129353,10632.47947761194,36034
13787.822627037393,10337.944391179291,36035
13791.418006430868,10803.097534833869,36036
13794.226785714283,10436.985714285714,36037
13820.367491166078,10228.579505300351,36038
13815.352839931153,10397.69965576592,36039
13820.772983114446,10194.651969981238,36040
13834.537968892955,10352.476669716378,36041
13825.544609665429,10595.654275092937,36042
13833.879093198992,10308.108312342569,36043
13848.766153846154,10261.123846153849,36044
13836.723367697594,10522.676975945018,36045
13862.613636363636,10491.90909090909,36051
5888.686567164179,13387.223880597016,10548
5915.173128342246,13021.303475935829,10616
5904.591989987484,13341.021276595744,10621
5907.38770053476,13177.978609625668,10639
5920.790927021696,12864.62261669954,10644
5910.267477203647,13099.699088145897,10652
5911.417910447762,13280.227611940298,10657
5915.394706559264,13432.141542002302,10668
5918.157657657658,13603.075450450451,10676
5926.831334932054,13236.16147082334,10689
5923.218867924528,13062.08679245283,10723
5940.303311258278,13723.37880794702,10789
5944.106076210092,13085.657054582904,10795
5952.753472222223,13463.817708333334,10796
5951.657963446475,13559.791993037425,10810
5948.435,13416.373333333331,10821
5948.002958579882,13505.153846153846,10831
5950.139158576052,12941.378640776698,10837
5968.938356164384,12720.353673723535,10856
5961.918128654971,13675.884990253411,10861
5962.03506097561,13023.067073170732,10886
5968.51339608979,12783.028240405503,10889
5976.01397515528,12674.175465838509,10902
5973.100290697675,12651.72965116279,10907
5988.109311740891,13743.463967611337,10922
5974.861842105263,12971.23552631579,10940
5987.32422586521,13886.774134790528,10994
5999.872228088701,13839.043294614572,11013
6005.205070842655,12611.676360924685,11060
6022.707159624413,12557.1161971831,11100
6035.070519098923,13908.616062683644,11179
6036.747016706444,14016.112171837707,11206
6050.47947454844,13952.224958949097,11240
6048.228758169935,12518.48366013072,11279
6058.019607843137,12406.494553376906,11330
6062.753199268738,12457.115173674589,11346
6075.081318681318,12516.573626373627,11407
6076.677922077922,14052.225974025974,11408
6083.637614678899,12477.669724770642,11444
6098.992583436341,12348.39369592089,11457
6097.165413533835,14076.09523809524,11511
6093.739130434783,14027.782608695652,11514
6099.064935064935,12284.922077922078,11520
6109.10072689512,12407.483904465213,11544
6110.760956175299,14192.163346613546,11550
6107.858974358975,14101.907692307692,11574
6117.95931477516,14144.248394004282,11575
6141.307277628032,12303.37915543576,11692
6137.451063829787,14120.582978723403,11693
6148.313862249346,12215.08631211857,11706
6140.996899224806,14253.4,11723
6153.376421304608,12146.915020945542,11751
6165.216266173752,14229.77449168207,11814
6163.166880616174,14191.1026957638,11827
6159.736263736264,14282.142857142857,11846
6201.900420757364,14350.384291725106,12018
6252.232596232596,14403.081081081082,12223
6256.2136,14329.524,12249
6325.858986175115,14472.029493087555,12597
6359.756811301715,14438.255297679112,12824
6388.261330761813,14472.265188042433,12975
6411.221074380165,14539.588842975209,13128
6439.775966183575,14522.6672705314,13149
6454.164102564103,14564.215384615383,13325
6526.569316081331,14598.598890942698,13671
6562.851063829788,14579.026282853569,13813
6572.064285714286,14615.045714285714,13873
6611.188617886179,14599.635772357724,14011
6620.23949579832,14624.990196078432,14086
6737.800353356891,14654.441696113074,14577
6848.399221789883,14653.315175097276,15070
6862.678466076696,14681.772861356932,15228
6907.710875331565,14684.103448275862,15448
6956.907056798623,14687.065404475044,15661
7013.66371681416,14690.617994100296,15927
7064.323076923077,14687.4989010989,16178
7118.765795206971,14693.438997821351,16406
7163.423312883436,14697.59509202454,16641
7189.897084048028,14697.88679245283,16747
7215.359090909091,14691.163636363635,16863
7247.917733089579,14700.277879341864,16970
7315,14691.156133828996,17229
7489.356382978724,14679.898936170212,17834
7544.9185667752445,14677.802931596092,18007
7594.416666666667,14675.490277777775,18175
7692.740356083086,14670.270029673591,18523
7732.483128834356,14665.39263803681,18660
7774.8,14659.526530612246,18816
7852.5641025641025,14652.18376068376,19048
7912.970766129032,14623.17741935484,19265
7936.833333333333,14640.52380952381,19461
8037.456140350877,14631.588596491229,19751
8074.510943396226,14593.055094339625,19971
8153.3015873015875,14568.263492063492,20409
8229.136,14556.137333333334,20743
8266.661857529305,14564.02795311091,20893
8286.987202925045,14598.674588665448,20940
8399.209467455621,14574.082840236686,21450
8402.10027598896,14549.947562097515,21465
8464.644122383253,14557.876006441224,21801
8480.083604777416,14513.763300760043,21911
8524.083932853717,14506.131894484412,22136
8561.203410475031,14507.583434835566,22268
8577.515421115066,14473.135824436536,22296
8640.885298869143,14464.712439418416,22647
8707.666141732283,14486.56377952756,22891
8700.537135278515,14454.679045092838,22904
8763.299107142857,14484.93638392857,23099
8760.068452380952,14456.93005952381,23157
8821.603921568627,14441.164705882353,23416
8860.238275340393,14412.52950075643,23574
8874.205128205129,9622.776556776556,23668
8898.22985074627,14410.63880597015,23753
8909.538943598925,9855.069829901522,23774
8912.70752895753,9600.502895752896,23790
8906.57091561939,9717.917414721724,23791
8908.641025641025,9799.401709401707,23802
8927.290366350067,14409.511533242876,23871
8947.637931034482,9651.374137931034,23946
8942.762195121952,9903.725609756097,23947
8941.947826086956,9840.282608695652,23951
8948.107033639144,9876.340978593273,23958
8967.887775551102,14404.917835671342,24029
8968.257653061224,9792.889030612245,24033
8975.27100840336,9869.460084033612,24077
9012.577731092437,14384.13025210084,24186
9011.966824644547,9723.248815165876,24216
9029.89338654504,9975.514823261115,24217
9031.566068515498,9899.616639477978,24287
9033.747950819672,9942.602459016394,24288
9039.845333333333,14358.149333333333,24340
9053.464944649446,9802.70479704797,24365
9062.24924012158,9778.752786220872,24384
9076.33608815427,14360.310376492194,24449
9064.837037037038,9945.162962962962,24454
9085.713178294574,9734.84496124031,24536
9088.11818181818,9769.842424242424,24537
9097.512287334594,10047.71550094518,24547
9094.167741935484,14316.58064516129,24587
9119.27380952381,9783.337797619048,24668
9130.705714285714,10065.662857142856,24730
9133.105590062112,9857.813664596271,24744
9151.73129525342,9911.76427996782,24772
9143.523465703973,10091.169675090252,24773
9157.464285714286,9831.30257936508,24808
9189.44136657433,10174.06001846722,24925
9192.14447592068,14303.759206798866,24986
9200.85641025641,10083.535897435895,25012
9212.932784636489,9890.260631001373,25036
9232.83125,14320.41484375,25062
9241.860068259386,14342.63481228669,25101
9231.551330798478,10144.22813688213,25134
9243.478920741987,9994.740303541315,25192
9253.311594202898,10237.1038647343,25217
9262.217441860465,10277.027906976744,25238
9261.247232472324,9959.929889298894,25253
9292.1585492228,10251.58652849741,25363
9295.60647359455,10056.531516183986,25394
9305.346381969155,10015.723606168443,25425
9323.985785953177,10080.52591973244,25474
9327.585766423355,14310.175182481751,25478
9348.764560099133,10149.894671623297,25563
9355.698492462312,10466.3355667225,25568
9339.25939849624,10405.432330827069,25593
9377.076986754966,10386.42715231788,25676
9375.539714867617,10130.967413441957,25720
9390.431013431013,10220.846153846154,25760
9396.427937915743,10512.484109386549,25765
9385.698412698412,10438.038095238097,25772
9399.294642857143,10164.275669642857,25807
9423.051369863011,10482.59589041096,25854
9415.15064102564,10557.375,25882
9419.76717557252,10197.196564885497,25891
9437.787965616046,14272.356733524355,25902
9446.220055710306,10613.230501392758,25970
9450.49330181245,10535.243498817968,25978
9456.235294117649,10209.586096256684,26022
9456.61818181818,10283.785454545454,26034
9468.608360836084,10643.11221122112,26073
9476.43909348442,10488.062322946176,26088
9482.472627737228,10248.038321167884,26117
9490.376390076988,10376.087254063304,26128
9494.557251908396,10318.722646310433,26192
9511.77079107505,10336.413793103447,26254
9524.011456628476,10525.248772504092,26300
9521.207977207978,14216.324786324789,26306
9521.927325581397,10423.212209302326,26311
9526.661341853036,10686.20447284345,26312
9547.419237749546,10587.274047186933,26426
9555.899171270716,10704.580801104972,26431
9570.831775700935,10410.389408099689,26521
9583.084935897436,10467.873397435897,26558
9587.495784148396,10441.06239460371,26570
9587.14536340852,10743.33082706767,26594
9597.272171253822,10765.311926605504,26638
9617.32749428789,10476.760091393757,26672
9615.141911069064,10741.870387890256,26676
9617.880104257169,10790.675065160727,26678
9638.514418604653,14182.357209302323,26722
9629.73721973094,10519.595515695068,26724
9631.43734939759,10854.05421686747,26759
9645.672297297297,14153.358108108108,26832
9661.759368836292,10553.562130177515,26887
9677.334716459198,10872.232365145228,26949
9688.635501355013,10938.619241192411,26985
9694.560276679842,10589.43280632411,27002
9705.540625,14149.1375,27017
9705.20353982301,10623.778761061949,27053
9701.486559139785,10883.77688172043,27059
9707.133858267716,10921.66535433071,27083
9708.314878892734,10694.640138408304,27086
9738.1914893617,10975.380319148937,27169
9744.365853658535,10717.573170731708,27176
9751.357575757576,11013.157575757576,27243
9767.606603773584,10759.019811320755,27255
9769.65235173824,10803.223926380368,27263
9766.625282167042,10845.409706546276,27271
9775.29648241206,11010.326633165829,27298
9771.602272727272,10876.113636363636,27317
9818.517350157728,10869.824921135649,27445
9818.691176470587,14082.911764705885,27491
9837.194017094018,11086.457264957266,27503
9833.839108910892,11128.232673267326,27538
9857.60972017673,11162.256259204712,27600
9876.68364831553,11042.652423993426,27638
9881.42857142857,10876.743281471005,27664
9898.77870216306,10923.036605657238,27716
9895.473684210529,11125.364791288566,27717
9904.236363636364,10957.024242424242,27772
9907.41222030981,11195.034423407917,27773
9917.964912280702,14021.646616541351,27810
9949.03664921466,10970.869109947644,27936
9959.390519187358,11057.726862302485,27972
9973.344064386318,11201.010060362172,28000
9994.558024691358,13979.431275720164,28014
9990.397876327295,10998.989381636477,28037
9974.826883910388,11281.873727087575,28038
9981.897790055247,11246.193370165744,28065
9983.103896103896,11127.731601731602,28078
9999.006010518407,11052.79864763336,28086
10001.706306306309,11193.837837837838,28091
10006.79079497908,11267.622036262204,28127
10018.15253164557,11102.99746835443,28135
10027.178507992896,11182.833925399646,28163
10027.363321799308,11289.89965397924,28217
10040.994736842104,13893.340350877192,28254
10043.890076335878,11323.763358778626,28258
10047.055910543131,11134.110223642172,28266
10052.85,11405.956944444444,28271
10052.002403846154,11360.278846153846,28295
10050.16713091922,13873.256267409472,28296
10072.486068111455,11176.255417956656,28367
10084.893961708394,11205.59204712813,28410
10077.96835443038,13846.246835443038,28412
10082.562724014337,13874.992831541218,28426
10116.380766731643,13807.17543859649,28492
10110.240188383046,13853.905808477237,28493
10127.113126079448,11248.973229706393,28541
10122.701952723535,11465.023638232273,28542
10133.593055555555,11293.211111111112,28579
10155.832775919733,11540.527313266444,28647
10155.91489361702,13810.891489361702,28663
10156.486301369863,11460.04794520548,28685
10173.136960600375,11334.354596622888,28713
10192.48619957537,11424.192144373674,28752
10193.76225045372,13846.157894736842,28768
10188.377643504533,11545.12084592145,28784
10219.38189244384,11370.442477876106,28822
10200.96370967742,11529.782258064515,28828
10209.02479338843,13812.578512396694,28866
10223.16338354577,13785.053302433373,28882
10224.889434889436,11569.743243243243,28884
10234.710863986313,11422.415739948674,28890
10237.056084656084,11542.225396825395,28914
10243.122754491018,13816.258982035928,28934
10251.677922077924,11457.946753246752,28977
10261.258241758242,13763.93956043956,29015
10272.608142493638,11710.155216284988,29064
10291.040942232194,11686.698261357264,29071
10302.60686695279,13778.28583690987,29088
10283.213028169012,11489.146126760565,29097
10291.121568627452,11747.75294117647,29127
10286.232954545454,13747.988636363636,29131
10297.941526263628,11598.937561942515,29133
10305.451566951568,11549.042735042734,29171
10325.098751418842,11586.095346197502,29237
10336.336,11774.164,29265
10343.907372400756,13731.674858223065,29293
10347.72149122807,11617.916666666666,29310
10351.619240097009,11705.30476960388,29313
10349.501187648457,11854.104513064132,29345
10370.05986509275,11635.902192242833,29376
10383.10229645094,11810.717118997913,29438
10380.272727272728,11940.519191919191,29439
10383.713103448275,11704.606896551724,29446
10397.569651741294,11870.375621890547,29489
10393.807692307691,11899.589743589744,29490
10406.637931034482,11694.174568965518,29516
10409.133870967742,11944.59677419355,29530
10422.335808580858,11732.70792079208,29543
10419.95433070866,11822.671653543308,29547
10420.526315789471,11999.5540166205,29575
10421.623076923075,11907.58076923077,29586
10423.670212765956,11969.728723404256,29587
10436.840404040404,13680.416161616162,29606
10450.660117878191,11926.505893909629,29652
10443.687022900764,12002.783715012723,29661
10471.936247723132,11868.244990892532,29719
10466.807692307691,11791.14592760181,29721
10472.7261682243,11832.614953271028,29724
10465.09923664122,12022.393129770991,29741
10480.960368663596,11747.047926267282,29754
10486.280456852792,11913.185279187815,29771
10488.23706377858,12110.655836341755,29788
10479.522727272728,12029.431818181818,29798
10507.798423423425,13572.11036036036,29843
10511.265333333333,11882.946666666669,29865
10520.03599374022,12163.53834115806,29904
10536.59319286872,11903.20907617504,29935
10533.972617743702,12204.27491785323,29936
10527.19106699752,12252.583126550868,29937
10535.674534161491,11936.849689440996,29944
10536.41237113402,11983.574742268042,29958
10551.687378640776,13552.359223300971,29993
10555.25352112676,12043.81161971831,30007
10560.669247787611,12008.92146017699,30012
10550.705660377358,12088.301886792451,30021
10555.742049469964,12267.79858657244,30022
10560.02506265664,12249.07268170426,30044
10569.3543928924,11954.911154985191,30053
10573.547228727555,12385.42857142857,30057
10574.66581956798,12301.879288437103,30080
10575.471193415638,12074.80452674897,30088
10587.334254143649,12142.383977900552,30109
10587.121212121212,12337.165289256198,30130
10585.94921875,12422.74609375,30134
10615.085475194262,13479.52181709504,30143
10603.144768856448,12107.940389294405,30158
10610.385224274409,12387.116094986808,30177
10609.121031746032,12487.06746031746,30187
10634.22741055185,12170.162522741057,30223
10633.42523364486,12251.778371161548,30235
10629.433333333332,12304.166666666666,30265
10648.302107728336,12216.745901639344,30294
10648.326582278482,12349.408860759491,30307
10650.570186335404,12512.012422360249,30326
10666.329192546584,12609.106477373558,30358
10671.178738317756,12406.954439252337,30379
10668.08510638298,13414.489361702128,30387
10694.307101727449,12805.153550863724,30422
10677.595611285267,12551.73354231975,30428
10683.610567514675,12457.590998043052,30440
10685.451146983858,12693.08666100255,30441
10694.18708730741,12527.063829787234,30466
10691.829670329673,13370.285714285714,30468
10701.364844903988,12624.794682422453,30492
10715.5536159601,12874.480049875312,30527
10714.8,12949.837410071945,30528
10717.572916666666,12491.557765151516,30532
10713.035634743876,13319.213808463252,30545
10716.557978196231,12784.363726461845,30550
10716.13846153846,12913.13846153846,30551
10727.486945169712,13008.028720626631,30557
10730.38482384824,12608.165311653116,30581
10733.005015045135,13279.261785356068,30590
10740.090773809525,12673.129464285714,30599
10737.426326129666,13131.971512770138,30606
10744.857749469214,13078.343949044583,30638
10752.866666666669,12958.588617886178,30644
10750.110148514852,13213.237623762376,30661
10747.762872628726,12914.069105691056,30667
10764.17441860465,12852.215946843851,30696
10772.439821693908,12898.065378900446,30720
10790.544326241135,12712.083333333334,30767
10799.617204301076,12805.12688172043,30798
10810.252288911495,12757.195320447609,30818
10823.836206896553,12918.741379310344,30888
10847.251336898396,12894.818181818182,30929
10871.07202680067,12876.455611390284,30994
10880.480243161095,12926.109422492402,31026
10924.691538974015,12998.144570286477,31122
10930.125313283208,13064.78947368421,31184
10950.892278360345,13029.587225929456,31214
10984.60914581536,13172.714408973252,31302
11013.997549019608,13163.333333333334,31396
11020.011816838996,13103.945347119645,31404
11078.1,13210.771739130434,31600
11132.791991101223,13191.490545050056,31741
11209.828326180255,13189.18025751073,31948
11258.466001813236,13187.180417044425,32030
11283.417517006805,13222.36649659864,32079
11297.41973840666,13166.76099881094,32144
11327.02744425386,13209.041166380788,32234
11355.578947368422,13246.61139149243,32259
11361.813576494427,13214.37183383992,32292
11377.639323731995,13162.380713838447,32339
11417.507177033493,13219.246411483253,32436
11421.885350318473,13188.58067940552,32462
11466.9746070133,13182.007255139057,32573
11512.437381404174,13184.624288425048,32670
11619.896124031007,13174.592248062016,32940
11674.34931057124,13154.535784635587,33018
11670.08093994778,13113.198433420366,33030
11749.26438848921,13088.410071942446,33275
11810.167136150234,13071.930516431925,33382
11875.066331658292,13019.07135678392,33552
11963.26955602537,13017.61310782241,33735
11973.415019762846,12990.264822134388,33762
12018.139322916666,12950.171223958334,33845
12127.977134146342,12928.826981707318,34068
12187.45004757374,12848.430066603236,34230
12279.794721407625,12837.358504398828,34390
12354.279591836736,12796.90612244898,34551
12358.327044025158,12773.5786163522,34563
12401.35952848723,12715.793713163064,34659
12431.656675749318,12725.080835603996,34693
12488.208108108109,12683.929729729727,34794
12483.799295774648,12653.028169014084,34805
12540.217821782178,12643.923267326732,34912
12584.95862764884,12593.150353178607,34984
12614.049603174602,12560.420634920634,35039
12611.153846153846,12598.502024291498,35040
12653.495192307691,12563.791666666666,35090
12681.810344827589,12520.655172413792,35131
12698.166666666666,12484.26923076923,35173
12735.541725601131,12486.540311173974,35222
12739.843076923076,12457.935384615384,35236
12747.882016036656,12430.198167239403,35240
12786.141176470588,12438,35298
12809.080967402731,12396.788643533124,35319
12874.64482306684,12353.397116644825,35418
12908.570765661252,12362.805104408351,35460
12913.048611111111,12333.972222222224,35472
12987.36440677966,12283.52966101695,35540
13006.76953642384,12226.860927152318,35554
13019.22950819672,12175.497950819672,35584
13063.10310509554,12140.753582802548,35622
13106.888613861383,12093.911716171617,35664
13125.219191919192,12122.775757575757,35677
13127.823529411764,12045.735294117649,35694
13200.19064535228,12024.19893428064,35737
13195.219108280256,11983.178343949045,35747
13233.53509381515,11943.672689367617,35771
13263.176470588236,11867.231237322516,35798
13281.153725490196,11902.62274509804,35803
13291.397163120568,11829.418439716312,35818
13317.791836734694,11782.514965986396,35826
13341.548821548822,11732.291245791246,35844
13345.119420989144,11823.775633293124,35849
13384.540072859743,11629.254098360656,35870
13414.072022160664,11652.202216066482,35887
13424.003971405878,11483.84193804607,35889
13422.021306818182,11686.741477272728,35892
13443.861111111111,11566.58888888889,35914
13462.78962536023,11495.089748867847,35915
13459.677710843374,11591.722891566264,35918
13498.40989660266,11314.387001477106,35930
13488.161856963614,11391.513174404015,35933
13517.709638554215,11277.978313253012,35946
13524.03402366864,11450.477810650887,35951
13553.68785046729,11245.02523364486,35964
13576.985088536812,11295.48275862069,35971
13577.679920477138,11126.318091451292,35980
13590.071065989849,11081.640862944165,35983